VALUE 3700562
1 975
4 334
4 6
6 8
16 854
16 20
20 25
28 954
34 664
39 347
43 957
51 430
54 241
58 906
60 62
62 903
63 924
67 69
69 71
71 777
72 460
74 75
75 550
78 448
82 590
85 87
87 328
89 91
91 345
92 300
91 93
95 679
72 102
109 443
114 282
117 177
119 172
119 121
126 964
145 971
102 154
154 160
117 172
177 188
188 191
191 216
216 219
219 229
229 240
240 258
241 254
254 256
256 258
258 264
264 269
269 289
282 287
92 287
289 303
93 300
8 303
89 328
334 338
338 347
345 350
347 352
350 355
352 542
355 380
85 367
367 379
380 425
379 386
386 399
380 406
399 407
406 424
425 431
424 430
431 500
407 441
102 443
446 454
447 517
441 448
446 453
447 454
448 455
460 467
453 461
461 467
500 507
507 531
455 517
517 522
522 527
531 558
527 533
533 539
1 542
539 544
544 550
531 552
1 553
550 556
553 558
556 561
561 565
565 570
552 574
574 585
585 588
570 590
588 593
593 598
598 664
670 680
34 677
670 679
680 690
677 686
690 700
686 694
700 725
694 702
702 706
706 712
712 718
718 723
725 752
723 733
752 758
758 778
758 762
733 763
762 765
763 767
765 768
767 771
768 777
778 795
795 819
801 805
801 804
25 805
804 808
808 813
819 823
813 821
823 830
821 824
823 826
824 827
826 829
827 830
771 854
829 903
60 905
903 906
921 928
924 952
921 925
905 926
925 927
926 928
927 932
928 933
932 941
933 944
952 959
944 954
941 956
28 957
956 959
959 964
28 969
969 971
4 976
6 977
8 978
16 979
20 980
25 981
145 982
34 983
39 984
43 985
51 986
54 987
58 988
60 989
62 990
63 991
67 992
69 993
71 994
74 995
78 996
82 997
85 998
87 999
89 1000
91 1001
93 1002
95 1003
102 1004
109 1005
114 1006
117 1007
119 1008
121 1009
160 1010
126 1011

