VALUE 3300685
2 405
4 5
5 350
10 285
12 404
13 378
14 400
2 16
16 18
18 20
22 340
24 334
24 26
26 28
30 294
31 214
31 32
32 34
36 215
40 105
44 378
13 51
52 356
55 56
56 311
61 157
64 133
61 65
67 187
69 156
70 175
72 177
72 74
75 83
77 109
78 124
77 79
80 116
79 81
80 82
81 83
52 87
89 203
105 111
78 109
111 112
112 113
113 115
115 119
78 116
119 120
64 120
124 125
125 127
127 137
65 133
137 138
138 141
141 146
146 148
69 148
70 156
157 158
158 159
70 159
175 177
67 177
186 189
187 190
189 194
186 190
194 197
190 195
197 201
201 252
203 207
195 206
207 221
206 210
201 212
212 214
210 215
221 225
225 238
238 242
242 246
246 252
252 256
256 279
279 281
281 287
30 285
55 287
294 299
28 299
311 313
313 319
319 324
324 325
4 325
334 338
22 338
5 340
20 350
355 369
355 356
369 377
377 395
378 386
377 379
379 382
382 383
383 386
2 395
395 397
397 398
398 399
399 400
14 401
401 402
402 403
403 404
4 406
10 407
12 408
14 409
16 410
18 411
20 412
22 413
24 414
26 415
28 416
30 417
32 418
34 419
36 420
40 421
44 422
51 423
55 424
61 425
64 426
67 427
69 428
72 429
74 430
75 431
78 432
80 433
82 434
83 435
87 436
89 437

