VALUE 3100671
1 285
3 284
5 12
7 283
7 9
9 10
11 18
12 279
14 279
14 16
17 275
18 276
19 275
19 21
23 30
26 272
26 28
30 32
31 33
31 32
33 263
35 266
38 268
40 42
41 43
41 42
43 219
45 167
49 81
53 240
55 97
60 76
62 178
64 320
69 105
72 292
74 95
74 75
75 76
78 232
60 81
64 86
86 88
88 90
90 92
55 95
92 96
96 97
105 109
109 115
115 127
86 117
117 120
120 122
122 123
120 124
124 126
127 132
123 132
126 134
132 135
134 137
135 151
137 153
153 155
155 167
151 172
172 175
175 178
45 180
180 187
187 193
193 195
195 203
203 207
207 216
216 219
232 235
62 233
233 235
62 238
238 240
40 256
256 257
257 259
256 260
260 263
259 266
35 268
23 272
26 273
273 275
17 276
11 279
5 283
1 284
10 285
285 290
290 291
291 292
1 293
3 294
5 295
7 296
10 297
11 298
14 299
16 300
17 301
19 302
21 303
23 304
26 305
28 306
30 307
31 308
33 309
38 310
40 311
41 312
43 313
45 314
49 315
53 316
55 317
74 318
62 319
78 321
69 322
72 323

