VALUE 3900583
2 665
2 13
19 25
23 646
25 654
27 653
28 565
2 31
28 41
46 254
56 251
63 633
56 65
66 634
67 607
63 69
70 608
46 75
90 290
93 490
93 97
97 102
106 107
107 573
108 592
111 542
106 112
107 113
90 119
133 325
134 326
137 421
151 509
152 527
153 512
155 469
151 157
160 382
133 162
134 163
160 181
191 375
194 195
195 436
196 454
198 448
195 199
200 422
201 410
202 406
203 411
205 479
213 219
219 606
223 235
31 229
229 235
241 556
241 242
242 243
244 554
241 247
242 248
243 249
249 250
250 251
247 254
249 255
255 256
259 271
75 265
265 271
277 485
277 283
283 290
295 307
300 301
119 301
300 306
301 307
313 419
318 408
313 319
318 325
319 326
331 343
162 336
163 337
336 342
337 343
349 374
349 354
374 375
375 381
381 384
382 392
331 384
342 392
406 416
408 418
410 412
202 411
199 412
200 416
137 418
419 421
421 428
422 444
428 431
295 431
436 439
439 445
198 444
196 445
448 455
454 461
455 457
457 464
155 461
464 465
155 465
469 470
470 473
157 473
479 480
480 483
483 486
485 487
93 486
487 490
490 500
500 503
259 503
509 512
512 518
152 518
527 534
111 534
542 543
543 546
113 546
243 554
556 558
558 565
565 568
223 568
573 576
576 582
108 582
592 599
67 599
13 606
607 608
608 611
69 611
65 631
631 633
65 634
65 635
66 638
635 639
639 640
638 642
642 643
640 644
644 646
643 647
647 648
23 650
650 651
648 653
651 654
213 666
13 667
19 668
27 669
31 670
229 671
41 672
244 673
248 674
256 675
65 676
70 677
75 678
265 679
271 680
93 681
283 682
102 683
106 684
112 685
119 686
301 687
306 688
313 689
319 690
326 691
153 692
155 693
163 694
337 695
343 696
181 697
354 698
191 699
194 700
201 701
203 702
205 703

