VALUE 2500880
2 264
3 4
4 398
4 5
8 396
11 12
12 255
2 13
11 18
19 395
20 23
22 393
22 23
25 29
25 26
28 377
28 29
30 358
34 251
35 81
36 263
40 388
41 322
44 309
47 290
50 316
54 227
58 217
59 341
62 121
63 339
66 325
70 204
74 172
34 81
59 83
83 84
86 96
96 103
103 106
106 119
119 128
121 123
123 130
128 132
130 133
132 135
133 135
135 146
146 175
74 157
157 162
162 163
163 168
172 173
58 173
175 178
178 181
181 207
168 204
18 207
217 220
220 222
54 222
227 242
240 250
240 242
35 250
251 254
250 253
254 272
13 255
253 259
5 260
260 263
3 264
36 272
259 290
47 309
44 314
314 316
316 322
325 326
63 326
84 335
335 336
336 337
337 339
341 348
41 347
347 348
347 356
356 357
357 358
30 371
371 375
375 377
385 392
388 391
26 391
19 392
391 393
20 395
385 396
8 399
12 400
18 401
19 402
22 403
26 404
28 405
30 406
34 407
36 408
40 409
41 410
44 411
47 412
50 413
54 414
58 415
59 416
62 417
63 418
66 419
70 420
74 421
86 422

