VALUE 3600709
1 400
3 388
7 9
9 10
10 386
12 384
15 382
18 375
19 375
21 356
22 364
23 364
26 361
29 324
30 336
32 56
29 35
36 332
35 37
36 38
39 324
40 319
40 41
43 316
46 47
47 298
49 288
50 288
52 53
53 250
55 228
56 234
58 307
60 266
62 221
64 217
66 314
71 215
75 76
76 214
78 168
81 141
81 82
84 141
85 133
87 88
88 127
91 121
93 152
95 133
97 117
99 116
100 371
3 101
97 116
117 118
91 118
87 121
127 133
133 160
85 141
81 143
143 144
144 145
145 151
151 152
160 170
75 168
170 180
180 183
183 191
191 199
199 202
202 206
206 211
210 232
211 215
210 214
215 226
62 217
55 221
226 233
56 228
230 248
232 251
233 236
52 234
236 248
230 243
243 247
248 257
250 266
247 251
257 262
262 267
50 266
267 270
270 271
271 284
284 297
46 288
297 308
298 310
307 312
39 308
58 310
43 312
297 314
316 319
37 319
324 334
332 334
334 336
336 340
340 346
346 352
352 356
352 354
354 355
23 356
21 359
359 360
355 361
364 372
360 369
369 370
370 371
19 372
375 377
15 377
7 380
380 381
382 383
381 383
384 387
384 386
387 396
387 388
1 396
101 401
7 402
10 403
12 404
15 405
18 406
22 407
26 408
30 409
32 410
36 411
38 412
41 413
43 414
47 415
49 416
53 417
56 418
58 419
60 420
62 421
64 422
66 423
71 424
76 425
78 426
82 427
84 428
88 429
91 430
93 431
95 432
97 433
99 434
100 435

