VALUE 3000630
1 433
4 425
7 412
10 403
13 374
16 375
19 411
21 392
23 354
23 25
27 448
28 360
33 336
38 238
41 46
42 100
45 241
46 253
49 277
52 202
54 192
56 176
58 176
60 188
56 64
66 172
70 164
72 164
75 158
77 158
78 150
80 127
84 147
88 129
88 89
91 151
94 112
94 96
97 413
41 100
112 120
120 121
121 123
80 123
124 138
124 125
125 127
123 129
78 138
145 147
145 146
89 147
146 148
150 152
148 151
77 152
158 159
72 159
164 166
66 166
172 173
56 173
60 176
188 190
190 211
192 193
193 194
194 196
196 198
52 198
202 205
205 211
211 217
217 234
45 234
238 243
46 241
243 248
248 251
251 254
253 266
254 256
256 257
257 259
259 274
266 270
270 285
274 279
42 277
279 283
283 285
285 291
291 313
313 325
33 325
27 336
354 356
356 361
27 360
361 364
364 370
370 371
371 374
28 373
21 374
375 378
13 378
373 388
388 391
392 397
10 397
391 398
398 401
403 405
7 405
406 408
401 407
408 411
407 410
388 411
406 412
410 413
19 419
419 425
425 428
428 429
429 433
1 438
4 439
7 440
10 441
13 442
16 443
19 444
21 445
23 446
25 447
33 449
38 450
41 451
46 452
49 453
52 454
54 455
58 456
64 457
70 458
75 459
78 460
80 461
84 462
88 463
91 464
94 465
96 466
97 467

