VALUE 2600587
5 9
7 11
9 368
11 16
15 375
16 341
18 224
21 238
23 188
25 27
27 184
29 384
30 88
36 124
38 151
40 107
42 98
42 44
44 45
44 46
45 47
47 49
50 168
51 168
52 135
53 170
54 100
58 121
59 284
60 335
61 68
62 287
63 308
66 214
68 69
69 70
70 71
66 71
54 72
29 88
40 98
58 100
107 110
110 112
112 127
30 121
122 125
123 126
112 124
29 125
122 126
123 127
135 144
144 151
30 145
145 148
148 151
52 168
168 169
169 170
51 175
175 179
179 184
184 188
212 215
212 213
213 214
53 215
215 218
218 220
220 224
18 228
228 231
231 233
233 238
70 253
253 256
61 266
266 270
256 271
270 275
275 278
278 284
271 287
271 288
59 290
290 292
288 293
293 296
292 300
296 302
62 306
300 308
306 311
311 314
314 318
302 320
318 323
323 335
320 341
7 366
366 368
5 375
5 377
11 378
15 379
21 380
23 381
25 382
27 383
36 385
38 386
40 387
42 388
44 389
46 390
49 391
50 392
58 393
60 394
61 395
63 396
66 397
68 398
69 399
70 400
71 401
72 402

