VALUE 8501003
1 436
2 443
3 421
4 431
5 441
7 17
8 432
10 426
12 421
15 416
15 16
17 428
18 401
21 425
23 420
15 25
27 408
29 407
31 38
33 414
35 400
36 400
36 37
36 38
40 385
43 386
45 397
46 365
49 396
50 52
51 390
52 390
43 53
55 372
57 61
59 66
61 378
61 62
63 367
64 367
64 66
68 346
71 350
74 329
77 360
77 78
79 354
71 81
83 336
85 89
87 94
89 342
89 90
91 331
92 331
92 94
96 313
99 314
102 293
105 324
105 106
107 318
99 109
111 300
113 117
115 122
117 306
117 118
119 295
120 295
120 122
124 277
127 278
130 257
133 288
133 134
135 282
127 137
139 264
141 263
143 150
145 270
145 146
147 256
148 256
148 150
152 241
155 236
155 156
157 251
160 237
162 512
162 164
156 166
166 168
169 223
170 235
171 178
172 218
169 173
174 248
175 223
176 177
177 233
176 178
177 179
182 210
175 185
188 205
190 230
192 222
194 209
196 205
197 442
205 207
171 207
209 213
210 218
178 213
171 218
222 227
176 223
169 227
230 234
233 235
173 234
235 240
233 236
237 243
240 242
241 247
242 253
166 243
150 247
170 248
156 251
164 253
251 256
257 260
157 258
137 260
258 263
137 264
258 266
266 270
277 283
278 282
133 282
122 283
146 284
284 288
293 296
113 295
111 296
109 300
134 302
302 306
87 313
314 318
105 318
118 320
320 324
329 332
85 331
83 332
81 336
106 338
338 342
59 346
350 354
77 354
90 356
356 360
365 368
57 367
55 368
53 372
78 374
374 378
31 385
386 390
49 390
62 392
45 395
392 396
52 397
27 399
395 400
399 401
52 402
402 407
25 408
50 410
37 413
410 414
413 416
416 420
421 426
15 422
422 425
426 432
16 428
3 431
7 432
7 436
1 438
436 441
5 442
438 443
2 444
4 445
5 446
8 447
10 448
12 449
15 450
18 451
21 452
23 453
25 454
27 455
29 456
31 457
33 458
35 459
38 460
40 461
43 462
46 463
49 464
51 465
53 466
55 467
57 468
59 469
61 470
63 471
66 472
68 473
71 474
74 475
77 476
79 477
81 478
83 479
85 480
87 481
89 482
91 483
94 484
96 485
99 486
102 487
105 488
107 489
109 490
111 491
113 492
115 493
117 494
119 495
122 496
124 497
127 498
130 499
133 500
135 501
137 502
139 503
141 504
143 505
145 506
147 507
150 508
152 509
157 510
160 511
164 513
166 514
168 515
170 516
172 517
174 518
177 519
179 520
182 521
185 522
188 523
190 524
192 525
194 526
196 527
197 528

