VALUE 88001579
1 558
2 557
4 566
5 656
9 251
1 10
12 541
1 13
2 14
15 546
18 652
20 643
22 24
23 630
24 641
26 472
28 515
30 32
31 624
32 34
33 623
23 34
36 507
12 37
40 650
41 650
43 436
45 436
46 487
36 48
40 52
53 608
54 616
56 612
57 606
58 610
59 407
60 420
62 420
63 599
53 64
64 66
67 601
57 68
70 447
46 71
74 633
75 633
76 382
59 77
80 429
70 82
85 622
74 86
88 594
89 91
90 590
91 584
92 588
93 365
76 94
98 100
89 100
101 579
91 102
104 397
80 105
108 605
85 109
110 346
93 111
114 381
104 116
119 600
108 120
122 564
123 554
124 126
125 553
126 562
127 335
110 128
132 134
123 134
135 536
125 136
138 358
114 139
142 583
119 143
127 145
147 322
148 345
138 150
142 154
155 505
156 522
158 517
159 500
160 514
161 305
162 309
164 309
155 166
168 170
169 477
159 170
172 328
148 173
176 550
177 550
178 286
161 179
182 315
172 184
176 188
189 191
190 464
191 193
192 194
193 441
194 456
195 275
178 196
189 200
202 204
203 422
193 204
206 298
182 207
210 497
211 497
212 264
195 213
216 285
206 218
221 475
210 222
223 225
224 406
225 227
226 406
227 391
228 404
229 259
212 230
223 234
236 238
227 238
216 240
221 244
229 246
249 639
4 251
230 259
213 264
196 275
285 289
179 286
289 291
218 291
298 301
301 306
164 305
207 306
309 314
147 314
315 319
319 321
184 321
322 333
328 331
331 336
127 333
128 335
173 336
345 349
111 346
349 351
150 351
358 361
361 366
94 365
139 366
381 385
77 382
385 387
116 387
228 391
397 400
400 409
404 408
404 406
62 407
408 411
105 409
411 415
203 415
420 428
204 422
45 428
429 433
433 435
82 435
436 439
439 451
194 441
447 450
450 461
451 453
28 453
456 460
460 463
71 461
463 467
464 466
465 468
465 466
169 467
467 468
472 528
475 486
170 477
210 486
487 492
492 495
48 495
497 512
160 500
505 516
507 510
510 519
188 512
514 518
15 515
156 516
517 520
518 521
519 529
520 523
521 525
520 522
521 523
135 525
528 546
37 529
136 536
541 545
545 547
546 548
547 549
13 548
14 549
550 560
552 555
126 553
124 554
555 557
557 561
558 559
559 561
154 560
5 561
562 565
562 564
565 568
5 566
568 572
101 572
102 579
583 587
92 584
120 587
588 591
590 592
591 593
592 595
593 597
594 596
595 598
63 596
67 597
63 598
599 603
120 600
68 601
64 603
605 609
58 606
56 607
607 608
86 609
610 613
612 614
613 615
614 617
615 619
614 616
617 620
33 619
31 620
622 626
623 627
624 628
74 626
34 627
627 628
30 629
630 634
633 640
634 637
24 637
637 638
638 639
52 640
552 641
641 643
629 645
645 650
20 652
9 657
10 658
13 659
18 660
20 661
22 662
23 663
26 664
30 665
32 666
34 667
37 668
41 669
43 670
48 671
52 672
54 673
56 674
58 675
60 676
64 677
66 678
68 679
71 680
75 681
77 682
82 683
86 684
88 685
90 686
92 687
94 688
98 689
100 690
102 691
105 692
109 693
111 694
116 695
120 696
122 697
124 698
126 699
128 700
132 701
134 702
136 703
139 704
143 705
145 706
150 707
154 708
156 709
158 710
160 711
162 712
166 713
168 714
170 715
173 716
177 717
179 718
184 719
188 720
190 721
192 722
194 723
196 724
200 725
202 726
204 727
207 728
211 729
213 730
218 731
222 732
224 733
226 734
228 735
230 736
234 737
236 738
238 739
240 740
244 741
246 742
249 743

