VALUE 7501160
1 655
3 632
3 5
7 19
10 546
12 651
14 486
18 522
19 536
23 646
25 620
1 26
25 27
28 629
28 30
32 471
34 471
35 608
25 36
36 38
38 40
42 54
44 502
46 58
47 642
51 445
52 77
54 496
57 625
58 633
59 596
35 60
59 61
62 604
61 63
65 402
68 419
59 70
70 72
73 591
72 74
76 88
77 468
79 458
81 614
83 390
86 111
88 442
91 602
92 609
94 581
95 571
96 581
95 97
99 321
100 333
103 557
105 568
95 106
106 108
111 418
112 409
113 403
114 126
116 286
117 300
120 364
122 394
124 375
126 585
128 554
129 537
130 554
130 132
133 258
134 267
137 516
138 140
139 516
129 140
139 141
146 335
147 329
148 160
150 234
151 241
157 299
158 297
159 549
160 561
137 162
163 495
164 508
164 166
168 219
171 470
172 174
163 174
174 176
178 248
181 186
182 193
183 540
184 276
186 276
187 377
178 190
192 505
193 517
194 444
171 195
197 460
197 199
197 199
201 253
205 301
208 312
205 210
213 504
219 222
150 222
151 234
241 250
248 260
133 250
253 259
258 368
259 263
260 263
184 263
133 267
187 276
181 279
279 281
134 282
282 286
281 295
295 297
158 299
116 300
208 301
117 308
158 310
312 328
310 316
316 319
308 321
328 330
319 329
330 336
99 333
147 335
336 353
337 339
337 338
339 346
146 340
340 344
338 345
346 350
350 363
345 353
363 377
344 364
364 368
120 373
373 375
377 378
378 381
381 382
382 479
390 398
124 391
391 394
394 396
65 398
68 402
396 403
113 409
112 415
415 418
419 425
425 428
428 434
86 432
51 434
432 436
197 441
436 442
441 444
445 448
448 456
76 455
456 457
34 457
455 458
195 460
79 463
463 468
470 490
471 477
477 481
479 488
7 481
52 484
481 486
176 488
172 490
484 491
164 495
491 496
502 503
42 503
194 504
504 505
162 508
44 513
513 515
516 532
505 517
515 522
18 524
182 527
138 532
524 533
527 534
536 538
130 537
533 538
534 540
540 542
7 546
542 548
548 549
548 550
130 553
554 557
105 557
550 561
106 568
96 571
579 582
579 581
73 582
553 585
114 589
74 591
596 604
589 597
597 598
598 600
600 602
60 604
608 617
602 609
92 611
611 612
612 614
36 617
620 628
81 623
623 625
26 628
26 629
1 632
633 634
57 634
46 637
637 642
47 644
644 646
23 647
647 648
648 649
649 650
650 651
3 656
5 657
10 658
12 659
14 660
18 661
23 662
26 663
27 664
30 665
32 666
36 667
38 668
40 669
44 670
47 671
51 672
52 673
57 674
60 675
62 676
63 677
65 678
70 679
72 680
73 681
79 682
81 683
83 684
88 685
91 686
94 687
96 688
97 689
100 690
103 691
106 692
108 693
113 694
114 695
117 696
122 697
126 698
128 699
130 700
132 701
133 702
138 703
140 704
141 705
147 706
148 707
151 708
157 709
159 710
162 711
164 712
166 713
168 714
172 715
174 716
176 717
181 718
183 719
187 720
190 721
192 722
195 723
197 724
199 725
201 726
205 727
210 728
213 729

