VALUE 6201083
1 12
4 564
6 567
7 580
7 9
11 23
12 449
15 27
17 360
21 46
23 421
27 595
28 39
29 557
28 30
30 32
37 337
38 524
39 541
39 41
41 43
44 56
46 398
49 61
52 321
54 311
56 368
58 355
61 568
63 518
65 67
66 77
67 510
58 71
73 75
75 77
76 488
77 500
78 90
81 331
84 549
86 273
90 640
92 315
94 514
96 98
98 100
100 467
101 479
102 234
106 451
108 458
109 111
100 111
112 278
115 292
117 498
118 499
120 216
121 216
115 122
112 124
126 266
117 129
131 443
132 417
133 438
132 134
138 200
140 400
132 143
143 145
147 232
148 246
151 461
153 185
155 189
147 159
151 163
165 392
167 386
167 169
171 180
174 608
180 183
153 183
155 185
189 190
190 194
194 196
138 196
200 202
202 204
204 209
121 209
122 216
120 224
232 236
224 234
236 242
242 245
148 245
246 255
255 257
126 257
266 269
124 269
273 283
278 282
115 282
283 286
286 288
71 288
292 295
295 304
71 296
296 302
304 306
302 305
92 306
305 309
309 311
315 318
90 318
318 320
54 321
321 324
320 325
78 327
327 331
324 335
335 337
81 341
341 344
37 345
345 351
344 353
351 354
353 355
354 358
358 360
58 365
365 368
44 377
377 380
380 382
165 386
382 389
392 394
140 394
389 398
400 407
405 412
405 407
21 408
143 412
408 414
417 425
414 418
418 421
133 425
11 430
430 432
131 438
432 440
443 445
106 445
440 449
108 451
458 464
461 466
109 464
466 470
467 473
470 471
471 476
101 473
476 478
478 491
325 479
479 482
482 484
484 488
129 491
76 494
451 498
498 499
494 500
66 504
118 509
504 510
509 514
65 518
63 522
522 524
38 527
527 534
534 541
28 546
73 548
548 549
546 552
548 553
553 555
552 557
29 562
562 564
4 567
555 568
6 574
49 577
574 580
577 582
582 584
584 586
586 589
589 591
591 595
7 604
604 605
605 608
1 609
4 610
7 611
9 612
11 613
15 614
17 615
21 616
27 617
28 618
30 619
32 620
37 621
38 622
41 623
43 624
44 625
49 626
52 627
58 628
61 629
63 630
65 631
66 632
71 633
73 634
75 635
77 636
81 637
84 638
86 639
94 641
96 642
98 643
100 644
102 645
106 646
109 647
111 648
112 649
118 650
121 651
126 652
129 653
131 654
133 655
134 656
138 657
140 658
143 659
145 660
147 661
151 662
153 663
159 664
163 665
165 666
167 667
169 668
171 669
174 670

