VALUE 7900828
1 702
3 629
5 541
7 513
9 430
9 11
13 44
16 48
19 50
19 20
22 54
25 56
25 26
28 59
31 436
34 35
35 768
37 42
11 39
39 40
40 41
41 42
44 710
48 703
49 620
50 653
52 576
54 615
55 503
56 552
56 57
58 479
59 522
59 60
31 62
62 63
34 65
35 66
67 612
68 669
70 570
72 504
73 419
74 498
75 301
76 379
77 301
76 78
78 79
79 80
80 81
81 82
83 185
82 84
67 86
88 469
90 92
91 382
73 92
75 94
96 232
97 592
97 98
99 675
100 558
102 633
105 580
108 551
111 445
114 427
115 271
117 322
118 248
119 258
120 313
83 122
123 197
124 186
125 183
125 126
128 146
131 150
134 590
135 636
137 492
138 537
141 247
144 743
146 148
148 719
150 152
152 643
154 591
156 535
158 508
160 392
162 326
164 166
166 320
168 272
170 226
172 222
174 219
175 627
183 186
185 211
186 190
190 201
197 201
201 208
208 233
211 215
215 220
219 236
80 220
118 222
226 231
119 231
232 253
233 237
118 236
237 240
79 240
115 247
248 287
77 253
258 298
271 319
272 281
281 285
285 311
287 293
293 300
298 306
300 324
301 308
285 304
306 314
76 308
304 310
91 311
313 316
314 339
314 316
310 318
319 323
318 320
319 322
323 330
324 331
164 326
330 365
331 340
339 348
340 348
348 354
162 350
354 404
350 356
356 360
365 372
372 378
378 425
65 379
382 385
92 385
360 392
66 404
419 424
422 428
74 424
62 425
422 427
428 463
34 430
419 434
35 436
434 440
424 441
445 453
447 455
441 448
63 449
453 462
440 455
462 489
447 463
448 465
462 469
465 479
489 496
492 517
496 503
58 497
449 498
497 503
74 504
138 508
498 512
498 513
517 530
72 521
512 522
138 524
525 531
529 536
530 566
531 561
521 532
513 533
529 535
524 536
517 537
539 545
532 540
533 541
55 545
537 549
525 551
60 552
540 555
549 558
561 569
539 562
555 563
566 593
562 569
563 570
100 572
545 576
580 587
57 582
587 612
154 590
98 591
572 592
593 598
52 594
591 596
598 601
26 599
587 601
605 611
594 607
86 611
612 619
607 613
52 614
582 615
613 619
614 620
605 627
599 629
633 637
596 636
637 640
640 661
135 643
645 648
49 648
645 652
54 653
656 662
50 657
656 661
652 662
657 663
666 672
662 667
663 669
666 671
672 684
671 675
667 681
20 682
684 687
681 687
692 702
682 702
692 703
48 710
131 719
128 743
1 755
3 756
5 757
7 758
9 759
11 760
13 761
16 762
19 763
22 764
25 765
28 766
31 767
37 769
39 770
40 771
41 772
42 773
44 774
48 775
50 776
54 777
56 778
59 779
62 780
66 781
68 782
70 783
72 784
74 785
76 786
78 787
79 788
80 789
81 790
82 791
84 792
86 793
88 794
90 795
92 796
94 797
96 798
99 799
102 800
105 801
108 802
111 803
114 804
117 805
120 806
122 807
123 808
124 809
125 810
126 811
128 812
131 813
134 814
137 815
141 816
144 817
146 818
148 819
150 820
152 821
154 822
156 823
158 824
160 825
162 826
164 827
166 828
168 829
170 830
172 831
174 832
175 833

