VALUE 21517
2 300
3 87
4 180
5 239
6 29
7 318
8 95
9 113
10 270
11 284
12 318
13 113
14 291
15 53
16 117
7 17
18 262
19 87
20 29
21 179
22 54
23 157
24 250
25 239
26 267
27 293
28 150
29 209
30 150
31 258
32 236
33 175
34 113
35 110
36 300
37 165
38 267
31 39
40 174
41 233
42 226
43 268
44 208
45 205
46 209
47 267
48 107
49 226
50 312
51 233
52 180
53 223
54 294
55 185
56 211
57 199
58 268
59 164
60 180
61 198
62 270
63 208
64 258
65 164
66 96
67 107
40 68
69 165
70 258
71 284
18 72
73 180
74 250
75 209
7 76
3 77
78 267
79 262
80 300
87 205
95 292
96 206
107 193
110 190
113 199
117 312
119 150
150 175
157 190
164 193
164 165
174 267
1 175
179 190
180 223
185 239
190 211
193 300
198 206
199 319
110 205
206 318
190 208
209 294
119 211
119 223
226 270
233 236
96 236
117 239
117 244
117 250
258 297
87 262
209 267
244 268
95 270
165 284
244 291
291 292
293 318
294 319
198 297
297 300
180 312
180 318
117 319

