VALUE 21415
2 261
3 118
4 283
5 264
6 319
7 40
8 24
9 280
10 261
11 104
12 234
13 166
14 211
15 280
16 170
17 258
18 225
19 139
20 268
21 171
22 51
23 184
24 124
25 279
26 171
27 143
3 28
29 295
30 161
31 68
32 295
1 33
34 264
35 234
36 295
37 237
38 267
15 39
40 315
41 104
42 196
43 78
44 174
45 279
46 282
47 196
48 216
49 184
50 124
51 263
23 52
53 216
54 237
13 55
56 143
57 224
58 266
59 294
60 171
61 279
62 143
25 63
64 104
65 184
66 304
67 242
68 268
69 282
70 170
71 152
72 320
73 314
74 211
75 320
69 76
77 294
78 118
79 263
80 283
88 170
96 280
104 139
106 166
109 297
118 166
124 237
139 306
143 242
152 166
161 237
166 211
170 224
171 210
174 196
184 306
109 196
210 242
88 211
216 315
96 224
225 234
118 234
106 237
106 242
258 279
139 261
106 263
264 297
166 266
267 280
109 268
279 297
33 280
104 282
166 283
96 294
268 295
88 297
242 304
109 306
266 314
295 315
106 319
304 320

