FileIndex, V(original), T(original), E(original), tms(original), V(leaf), T(leaf), E(leaf), tms(leaf), V(deg2), T(deg2), E(deg2), tms(deg2), V(both), T(both), E(both), tms(both)
1, 6405, 16, 10454, 44, 6389, 16, 10438, 4, 5612, 16, 9655, 21, 5582, 16, 9624, 19
2, 7998, 16, 14734, 20, 7998, 16, 14734, 5, 7994, 16, 14730, 6, 7994, 16, 14730, 7
3, 8007, 24, 14743, 11, 8007, 24, 14743, 4, 8003, 24, 14739, 9, 8003, 24, 14739, 6
4, 19083, 24, 35636, 29, 19083, 24, 35636, 15, 19079, 24, 35632, 16, 19079, 24, 35632, 21
5, 8013, 30, 14749, 11, 8013, 30, 14749, 5, 8009, 30, 14745, 4, 8009, 30, 14745, 5
6, 19091, 31, 35644, 28, 19091, 31, 35644, 15, 19087, 31, 35640, 10, 19087, 31, 35640, 19
7, 38282, 34, 71521, 81, 38282, 34, 71521, 33, 38278, 34, 71517, 36, 38278, 34, 71517, 68
8, 8017, 36, 14753, 9, 8017, 36, 14753, 4, 8013, 36, 14749, 5, 8013, 36, 14749, 4
9, 3803, 38, 6213, 4, 3802, 38, 6212, 1, 3803, 38, 6213, 1, 3802, 38, 6212, 2
10, 2363, 40, 3761, 2, 2360, 40, 3758, 1, 2363, 40, 3761, 1, 2355, 40, 3752, 2
11, 19100, 40, 35653, 26, 19100, 40, 35653, 13, 19096, 40, 35649, 15, 19096, 40, 35649, 19
12, 38294, 45, 71533, 70, 38294, 45, 71533, 32, 38290, 45, 71529, 31, 38290, 45, 71529, 38
13, 550, 50, 5013, 9, 550, 50, 5013, 0, 550, 50, 5013, 0, 550, 50, 5013, 0
14, 1000, 50, 13500, 7, 1000, 50, 13500, 3, 1000, 50, 13500, 2, 1000, 50, 13500, 0
15, 1000, 50, 13500, 12, 1000, 50, 13500, 3, 1000, 50, 13500, 4, 1000, 50, 13500, 0
16, 1991, 51, 3176, 2, 1985, 51, 3170, 1, 1991, 51, 3176, 0, 1980, 51, 3165, 1
17, 3716, 52, 6750, 5, 3716, 52, 6750, 1, 3712, 52, 6746, 2, 3712, 52, 6746, 2
18, 19112, 53, 35665, 45, 19112, 53, 35665, 17, 19108, 53, 35661, 13, 19108, 53, 35661, 16
19, 38307, 58, 71546, 72, 38307, 58, 71546, 30, 38303, 58, 71542, 30, 38303, 58, 71542, 34
20, 838, 60, 1763, 1, 837, 60, 1762, 1, 837, 60, 1762, 0, 836, 60, 1761, 0
21, 1331, 61, 19965, 12, 1331, 61, 19965, 4, 1331, 61, 19965, 4, 1331, 61, 19965, 0
22, 1331, 61, 19965, 13, 1331, 61, 19965, 4, 1331, 61, 19965, 5, 1331, 61, 19965, 0
23, 1331, 61, 19965, 13, 1331, 61, 19965, 4, 1331, 61, 19965, 5, 1331, 61, 19965, 0
24, 670, 62, 1316, 1, 669, 62, 1315, 0, 670, 62, 1316, 1, 669, 62, 1315, 0
25, 512, 64, 2304, 2, 512, 64, 2304, 0, 512, 64, 2304, 0, 512, 64, 2304, 0
26, 512, 64, 2304, 1, 512, 64, 2304, 0, 512, 64, 2304, 0, 512, 64, 2304, 0
27, 1822, 64, 3610, 2, 1813, 64, 3601, 0, 1797, 64, 3585, 1, 1788, 64, 3576, 1
28, 2521, 66, 4858, 3, 2516, 66, 4853, 0, 2418, 66, 4755, 0, 2410, 63, 4747, 2
29, 987, 67, 1923, 1, 946, 67, 1882, 1, 980, 67, 1915, 0, 939, 67, 1874, 1
30, 11543, 68, 18429, 17, 11516, 68, 18402, 5, 9880, 68, 16755, 12, 9831, 68, 16704, 23
31, 1728, 74, 28512, 20, 1728, 74, 28512, 7, 1728, 74, 28512, 6, 1728, 74, 28512, 0
32, 1728, 74, 28512, 19, 1728, 74, 28512, 6, 1728, 74, 28512, 6, 1728, 74, 28512, 0
33, 1728, 74, 28512, 19, 1728, 74, 28512, 7, 1728, 74, 28512, 7, 1728, 74, 28512, 0
34, 729, 75, 1395, 1, 728, 75, 1394, 0, 728, 75, 1394, 0, 727, 75, 1393, 0
35, 1761, 76, 3370, 2, 1746, 76, 3355, 0, 1686, 76, 3295, 1, 1671, 76, 3280, 2
36, 729, 76, 4368, 2, 729, 76, 4368, 0, 729, 76, 4368, 1, 729, 76, 4368, 0
37, 2346, 78, 4656, 3, 2320, 78, 4630, 1, 2307, 78, 4617, 1, 2298, 78, 4608, 2
38, 833, 79, 1595, 0, 820, 79, 1582, 0, 826, 79, 1588, 0, 813, 79, 1575, 1
39, 320, 80, 640, 0, 297, 79, 617, 0, 287, 80, 607, 1, 262, 79, 582, 0
40, 320, 80, 640, 0, 292, 78, 612, 0, 287, 80, 604, 0, 258, 78, 575, 0
41, 320, 80, 1845, 1, 320, 80, 1845, 0, 320, 80, 1845, 0, 320, 80, 1845, 0
42, 320, 80, 1845, 1, 320, 80, 1845, 0, 320, 80, 1845, 0, 320, 80, 1845, 0
43, 1491, 80, 2831, 2, 1486, 80, 2826, 0, 1455, 80, 2794, 0, 1449, 80, 2788, 1
44, 320, 80, 10208, 23, 320, 80, 10208, 1, 320, 80, 10208, 1, 320, 80, 10208, 0
45, 320, 80, 10208, 23, 320, 80, 10208, 1, 320, 80, 10208, 1, 320, 80, 10208, 0
46, 320, 80, 51040, 381, 320, 80, 51040, 18, 320, 80, 51040, 14, 320, 80, 51040, 0
47, 320, 80, 51040, 348, 320, 80, 51040, 20, 320, 80, 51040, 12, 320, 80, 51040, 0
48, 8062, 81, 14798, 35, 8062, 81, 14798, 3, 8058, 81, 14794, 3, 8058, 81, 14794, 3
49, 3168, 83, 6220, 6, 3161, 83, 6213, 1, 3057, 83, 6109, 1, 3051, 83, 6103, 2
50, 2356, 84, 4547, 13, 2336, 84, 4527, 0, 2241, 84, 4432, 1, 2221, 84, 4412, 2
51, 528, 85, 1017, 5, 527, 85, 1016, 0, 527, 85, 1016, 0, 526, 85, 1015, 0
52, 1360, 86, 2607, 13, 1359, 86, 2606, 0, 1324, 86, 2571, 0, 1323, 86, 2570, 1
53, 743, 88, 1409, 5, 742, 88, 1408, 0, 739, 88, 1404, 0, 738, 88, 1403, 0
54, 78834, 88, 95732, 83, 78822, 88, 95720, 27, 29557, 88, 44685, 2098, 26142, 88, 41002, 1113
55, 1343, 91, 2594, 30, 1326, 91, 2577, 0, 1321, 91, 2571, 0, 1303, 91, 2552, 1
56, 1765, 92, 3613, 11, 1727, 92, 3575, 1, 1758, 92, 3606, 0, 1718, 89, 3566, 1
57, 1976, 94, 3836, 7, 1956, 94, 3816, 0, 1895, 94, 3753, 0, 1872, 94, 3730, 2
58, 2404, 95, 4469, 27, 2361, 95, 4426, 0, 2306, 95, 4370, 1, 2256, 89, 4326, 3
59, 2518, 96, 4985, 9, 2504, 96, 4971, 0, 2465, 96, 4932, 0, 2451, 96, 4918, 1
60, 42481, 97, 52552, 53, 42477, 97, 52548, 14, 17266, 97, 26407, 220, 15470, 97, 24474, 406
61, 2265, 98, 4545, 7, 2237, 98, 4517, 1, 2251, 98, 4531, 1, 2222, 97, 4502, 1
62, 2076, 99, 4072, 35, 2075, 99, 4071, 0, 2038, 99, 4031, 1, 2035, 99, 4028, 2
63, 9469, 100, 22743, 34, 9468, 100, 22742, 6, 9465, 100, 22738, 5, 9464, 100, 22737, 12
64, 67966, 100, 82485, 81, 67966, 100, 82485, 23, 25230, 100, 38153, 446, 22205, 100, 34908, 647
65, 10393, 104, 18043, 19, 10367, 104, 18017, 4, 9799, 104, 17441, 5, 9760, 104, 17400, 17
66, 19177, 117, 35730, 50, 19177, 117, 35730, 13, 19173, 117, 35726, 12, 19173, 117, 35726, 13
67, 3224, 126, 5285, 7, 3215, 126, 5276, 0, 3224, 126, 5285, 0, 3206, 126, 5267, 2
68, 1024, 135, 5120, 7, 1024, 135, 5120, 0, 1024, 135, 5120, 1, 1024, 135, 5120, 0
69, 1024, 135, 5120, 21, 1024, 135, 5120, 1, 1024, 135, 5120, 0, 1024, 135, 5120, 0
70, 1024, 135, 5120, 7, 1024, 135, 5120, 1, 1024, 135, 5120, 1, 1024, 135, 5120, 0
71, 640, 160, 1280, 7, 601, 159, 1241, 0, 552, 160, 1191, 0, 513, 159, 1152, 1
72, 640, 160, 1280, 16, 596, 157, 1236, 0, 560, 160, 1199, 0, 515, 157, 1154, 1
73, 640, 160, 4135, 7, 640, 160, 4135, 0, 640, 160, 4135, 0, 640, 160, 4135, 0
74, 640, 160, 4135, 9, 640, 160, 4135, 0, 640, 160, 4135, 1, 640, 160, 4135, 0
75, 640, 160, 40896, 124, 640, 160, 40896, 14, 640, 160, 40896, 10, 640, 160, 40896, 0
76, 640, 160, 40896, 154, 640, 160, 40896, 13, 640, 160, 40896, 10, 640, 160, 40896, 0
77, 640, 160, 204480, 2805, 640, 160, 204480, 46, 640, 160, 204480, 38, 640, 160, 204480, 0
78, 640, 160, 204480, 2842, 640, 160, 204480, 44, 640, 160, 204480, 29, 640, 160, 204480, 0
79, 38418, 172, 71657, 619, 38418, 172, 71657, 30, 38414, 172, 71653, 30, 38414, 172, 71653, 33
80, 666, 174, 221445, 3200, 666, 174, 221445, 46, 666, 174, 221445, 32, 666, 174, 221445, 0
81, 44624, 190, 56205, 42, 44618, 190, 56199, 16, 19084, 190, 29759, 238, 17319, 190, 27855, 464
82, 80736, 191, 98750, 74, 80725, 191, 98739, 28, 30815, 191, 47105, 649, 27463, 191, 43466, 812
83, 2200, 200, 7997, 13, 2109, 200, 7906, 2, 1910, 200, 7704, 3, 1819, 200, 7613, 7
84, 2200, 200, 7997, 14, 2109, 200, 7906, 1, 1910, 200, 7704, 4, 1819, 200, 7613, 5
85, 1200, 200, 10002, 17, 1200, 200, 10002, 1, 1199, 200, 10001, 0, 1199, 200, 10001, 1
86, 1200, 200, 10002, 33, 1200, 200, 10002, 2, 1199, 200, 10001, 1, 1199, 200, 10001, 0
87, 7527, 200, 18170, 51, 7524, 200, 18167, 5, 7524, 200, 18167, 3, 7521, 200, 18164, 8
88, 15473, 200, 38928, 53, 15472, 200, 38927, 13, 15463, 200, 38917, 11, 15462, 200, 38916, 25
89, 33901, 204, 62816, 43, 33897, 204, 62812, 15, 33254, 204, 62169, 17, 33252, 204, 62167, 35
90, 2187, 222, 15308, 39, 2187, 222, 15308, 3, 2187, 222, 15308, 3, 2187, 222, 15308, 0
91, 2187, 222, 15308, 16, 2187, 222, 15308, 2, 2187, 222, 15308, 3, 2187, 222, 15308, 0
92, 2048, 244, 11263, 13, 2048, 244, 11263, 1, 2048, 244, 11263, 2, 2048, 244, 11263, 0
93, 2048, 244, 11263, 10, 2048, 244, 11263, 1, 2048, 244, 11263, 1, 2048, 244, 11263, 0
94, 512, 256, 2304, 18, 512, 256, 2304, 0, 512, 256, 2304, 0, 512, 256, 2304, 0
95, 512, 256, 2304, 5, 512, 256, 2304, 0, 512, 256, 2304, 0, 512, 256, 2304, 0
96, 3300, 300, 18073, 54, 3258, 300, 18031, 3, 3182, 300, 17955, 5, 3140, 300, 17913, 12
97, 3300, 300, 18073, 34, 3258, 300, 18031, 5, 3182, 300, 17955, 5, 3140, 300, 17913, 12
98, 9113, 301, 14491, 14, 9098, 301, 14476, 3, 9113, 301, 14491, 3, 9080, 301, 14456, 14
99, 8755, 347, 14449, 34, 8754, 347, 14448, 4, 8755, 347, 14449, 3, 8753, 347, 14447, 7
100, 13189, 358, 21219, 31, 13176, 358, 21206, 5, 13189, 358, 21219, 5, 13154, 358, 21178, 34
101, 9287, 363, 14975, 15, 9282, 363, 14970, 3, 9287, 363, 14975, 2, 9279, 363, 14967, 8
102, 10398, 367, 16787, 15, 10392, 367, 16781, 4, 10398, 367, 16787, 4, 10388, 367, 16777, 9
103, 50002, 386, 65203, 60, 50002, 386, 65203, 18, 23302, 386, 37614, 274, 21657, 386, 35845, 560
104, 16013, 392, 25269, 39, 15930, 392, 25186, 7, 16013, 392, 25269, 7, 15837, 392, 25081, 51
105, 783, 406, 2262, 7, 783, 406, 2262, 0, 783, 406, 2262, 0, 783, 406, 2262, 0
106, 86413, 419, 108872, 132, 86413, 419, 108872, 32, 35887, 419, 56692, 715, 32705, 419, 53238, 1161
107, 14685, 421, 23466, 36, 14680, 421, 23461, 7, 14685, 421, 23466, 10, 14676, 421, 23457, 19
108, 13694, 427, 22126, 39, 13692, 427, 22124, 6, 13694, 427, 22126, 5, 13691, 427, 22123, 13
109, 12715, 475, 20632, 30, 12701, 475, 20618, 5, 12715, 475, 20632, 5, 12688, 475, 20605, 12
110, 15095, 478, 24091, 33, 15090, 478, 24086, 7, 15095, 478, 24091, 8, 15038, 478, 24009, 156
111, 12355, 503, 19962, 21, 12345, 503, 19952, 5, 12355, 503, 19962, 28, 12323, 503, 19923, 50
112, 1024, 512, 5120, 33, 1024, 512, 5120, 0, 1024, 512, 5120, 0, 1024, 512, 5120, 0
113, 1024, 512, 5120, 7, 1024, 512, 5120, 0, 1024, 512, 5120, 1, 1024, 512, 5120, 0
114, 15592, 515, 24788, 43, 15578, 515, 24774, 6, 15592, 515, 24788, 6, 15554, 515, 24744, 44
115, 9574, 543, 16208, 24, 9571, 543, 16205, 3, 9574, 543, 16208, 4, 9566, 543, 16199, 11
116, 34046, 544, 54841, 51, 34040, 544, 54835, 13, 29339, 544, 50134, 50, 29331, 544, 50126, 67
117, 79244, 550, 101189, 80, 79244, 550, 101189, 30, 33917, 550, 54367, 604, 31132, 550, 51377, 937
118, 15038, 551, 24596, 72, 15025, 551, 24583, 8, 15038, 551, 24596, 7, 15011, 551, 24568, 21
119, 1081, 552, 3174, 6, 1081, 552, 3174, 1, 1081, 552, 3174, 0, 1081, 552, 3174, 0
120, 19867, 565, 31271, 37, 19835, 565, 31239, 10, 19867, 565, 31271, 9, 19793, 565, 31189, 53
121, 5556, 570, 8552, 10, 5550, 570, 8546, 1, 5556, 570, 8552, 1, 5550, 570, 8546, 1
122, 13332, 570, 21580, 32, 13324, 570, 21572, 6, 13332, 570, 21580, 5, 13315, 570, 21562, 17
123, 21808, 594, 34921, 29, 21788, 594, 34901, 10, 21808, 594, 34921, 10, 21757, 594, 34862, 67
124, 14023, 598, 22895, 23, 13998, 598, 22870, 6, 14023, 598, 22895, 6, 13977, 598, 22849, 14
125, 20547, 627, 33230, 33, 20540, 627, 33223, 10, 20547, 627, 33230, 10, 20530, 627, 33211, 33
126, 18555, 636, 29730, 35, 18553, 636, 29728, 9, 18555, 636, 29730, 9, 18551, 636, 29726, 20
127, 13316, 653, 22033, 19, 13305, 653, 22022, 6, 13316, 653, 22033, 6, 13298, 653, 22015, 14
128, 22311, 735, 35516, 39, 22292, 735, 35497, 11, 22311, 735, 35516, 11, 22278, 735, 35483, 25
129, 15122, 737, 24371, 20, 15120, 737, 24369, 7, 15122, 737, 24371, 6, 15119, 737, 24368, 15
130, 60446, 803, 82940, 103, 60446, 803, 82940, 26, 31950, 803, 53651, 374, 30500, 803, 52063, 792
131, 13294, 835, 21948, 25, 13290, 835, 21944, 6, 13294, 835, 21948, 4, 13286, 835, 21939, 21
132, 25946, 866, 41645, 49, 25942, 866, 41641, 14, 25946, 866, 41645, 12, 25939, 866, 41638, 29
133, 15714, 871, 25567, 22, 15705, 871, 25558, 6, 15714, 871, 25567, 7, 15699, 871, 25552, 16
134, 36711, 879, 68117, 65, 36711, 879, 68117, 16, 36148, 879, 67554, 18, 36148, 879, 67554, 22
135, 25081, 888, 40739, 32, 25068, 888, 40726, 13, 25081, 888, 40739, 12, 25057, 888, 40714, 39
136, 18242, 891, 28976, 39, 18235, 891, 28969, 8, 18242, 891, 28976, 8, 18229, 891, 28963, 19
137, 97928, 902, 128632, 106, 97928, 902, 128632, 40, 45610, 902, 74717, 851, 42662, 902, 71555, 1443
138, 85568, 938, 114113, 140, 85568, 938, 114113, 35, 40824, 938, 68295, 616, 38630, 938, 65911, 1025
139, 29905, 943, 47457, 39, 29896, 943, 47448, 15, 29905, 943, 47457, 15, 29881, 943, 47430, 99
140, 23412, 945, 37952, 51, 23381, 945, 37921, 11, 23412, 945, 37952, 11, 23349, 945, 37885, 39
141, 30857, 990, 49591, 39, 30853, 990, 49587, 16, 30857, 990, 49591, 17, 30851, 990, 49585, 36
142, 26948, 993, 44194, 34, 26941, 993, 44187, 14, 26948, 993, 44194, 13, 26935, 993, 44180, 53
143, 2676, 1000, 3894, 7, 2481, 949, 3699, 2, 2676, 1000, 3894, 0, 2439, 919, 3657, 3
144, 2834, 1000, 4207, 6, 2675, 967, 4048, 1, 2834, 1000, 4207, 0, 2648, 949, 4021, 3
145, 2865, 1000, 4267, 7, 2709, 959, 4111, 0, 2865, 1000, 4267, 1, 2662, 923, 4064, 3
146, 2984, 1000, 4484, 17, 2836, 968, 4336, 1, 2984, 1000, 4484, 1, 2808, 950, 4308, 3
147, 62174, 1015, 87562, 74, 62174, 1015, 87562, 27, 34327, 1015, 59199, 329, 33246, 1015, 58003, 840
148, 2048, 1024, 11264, 29, 2048, 1024, 11264, 1, 2048, 1024, 11264, 1, 2048, 1024, 11264, 0
149, 2048, 1024, 11264, 12, 2048, 1024, 11264, 1, 2048, 1024, 11264, 1, 2048, 1024, 11264, 0
150, 30190, 1184, 47748, 61, 30185, 1184, 47743, 17, 30190, 1184, 47748, 18, 30179, 1184, 47736, 57
151, 42008, 1242, 67572, 73, 41965, 1242, 67529, 20, 42008, 1242, 67572, 26, 41911, 1242, 67463, 145
152, 23527, 1256, 39628, 45, 23509, 1256, 39610, 12, 23527, 1256, 39628, 10, 23492, 1256, 39591, 38
153, 33188, 1263, 53680, 44, 33138, 1263, 53630, 18, 33188, 1263, 53680, 17, 33079, 1263, 53562, 113
154, 33203, 1494, 54427, 62, 33181, 1494, 54405, 19, 33203, 1494, 54427, 17, 33142, 1494, 54355, 132
155, 33118, 1553, 55127, 54, 33099, 1553, 55108, 18, 33118, 1553, 55127, 16, 33074, 1553, 55078, 97
156, 33231, 1569, 55149, 64, 33211, 1569, 55129, 18, 33231, 1569, 55149, 17, 33202, 1569, 55120, 33
157, 26840, 1645, 43661, 36, 26830, 1645, 43651, 13, 26840, 1645, 43661, 13, 26822, 1645, 43642, 44
158, 49920, 1665, 77871, 64, 49908, 1665, 77859, 27, 49920, 1665, 77871, 28, 49881, 1665, 77821, 364
159, 30585, 1704, 50454, 42, 30578, 1704, 50447, 15, 30585, 1704, 50454, 16, 30576, 1704, 50445, 37
160, 40389, 1762, 65820, 83, 40376, 1762, 65807, 22, 40389, 1762, 65820, 21, 40365, 1762, 65795, 72
161, 72701, 1790, 115430, 96, 72697, 1790, 115426, 38, 72701, 1790, 115430, 42, 72695, 1790, 115424, 96
162, 21653, 1847, 35171, 41, 21652, 1847, 35170, 10, 21653, 1847, 35171, 10, 21652, 1847, 35170, 12
163, 117756, 1879, 165153, 157, 117756, 1879, 165153, 53, 63424, 1879, 109877, 950, 61396, 1879, 107626, 1519
164, 31121, 1898, 51113, 60, 31119, 1898, 51111, 15, 31121, 1898, 51113, 15, 31119, 1898, 51111, 19
165, 88728, 2041, 133625, 106, 88728, 2041, 133625, 44, 56384, 2041, 100976, 525, 55723, 2041, 100226, 1153
166, 4096, 2048, 24576, 23, 4096, 2048, 24576, 4, 4096, 2048, 24576, 3, 4096, 2048, 24576, 0
167, 4096, 2048, 24576, 23, 4096, 2048, 24576, 3, 4096, 2048, 24576, 3, 4096, 2048, 24576, 0
168, 111707, 2052, 160504, 161, 111707, 2052, 160504, 52, 63534, 2052, 111517, 812, 61956, 2052, 109806, 1507
169, 69988, 2162, 111804, 111, 69977, 2162, 111793, 40, 69988, 2162, 111804, 39, 69966, 2162, 111781, 133
170, 51896, 2171, 85550, 69, 51872, 2171, 85526, 29, 51896, 2171, 85550, 27, 51848, 2171, 85497, 191
171, 54351, 2182, 88211, 71, 54302, 2182, 88162, 30, 54351, 2182, 88211, 29, 54253, 2182, 88109, 101
172, 31754, 2202, 52875, 56, 31752, 2202, 52873, 17, 31754, 2202, 52875, 15, 31750, 2202, 52871, 37
173, 44934, 2319, 73727, 60, 44842, 2319, 73635, 24, 44934, 2319, 73727, 22, 44733, 2319, 73512, 127
174, 34479, 2344, 55494, 50, 34479, 2344, 55494, 14, 30488, 2344, 51503, 41, 30488, 2344, 51503, 46
175, 48833, 2493, 79987, 77, 48815, 2493, 79969, 27, 48833, 2493, 79987, 26, 48797, 2493, 79949, 115
176, 43073, 2868, 71276, 84, 43066, 2868, 71269, 23, 43073, 2868, 71276, 22, 43060, 2868, 71262, 76
177, 57551, 2973, 95381, 75, 57506, 2973, 95336, 32, 57551, 2973, 95381, 31, 57467, 2973, 95295, 114
178, 147718, 2992, 214176, 207, 147718, 2992, 214176, 72, 87304, 2992, 152614, 1706, 85440, 2992, 150564, 2510
179, 68464, 3001, 108732, 94, 68440, 3001, 108708, 38, 68464, 3001, 108732, 38, 68416, 3001, 108682, 131
180, 56023, 3017, 91399, 89, 56002, 3017, 91378, 30, 56023, 3017, 91399, 29, 55988, 3017, 91364, 66
181, 135543, 3033, 201803, 221, 135543, 3033, 201803, 69, 83303, 3033, 148980, 1149, 82128, 3033, 147697, 1733
182, 44482, 3222, 73419, 99, 44475, 3222, 73412, 26, 44482, 3222, 73419, 26, 44473, 3222, 73410, 82
183, 120866, 3224, 187312, 210, 120865, 3224, 187311, 68, 81571, 3224, 147735, 985, 81069, 3224, 147161, 2194
184, 47429, 3334, 79307, 101, 47424, 3334, 79302, 25, 47429, 3334, 79307, 25, 47422, 3334, 79300, 56
185, 66048, 3343, 110491, 107, 65762, 3343, 110205, 37, 66048, 3343, 110491, 33, 65464, 3343, 109879, 162
186, 68905, 3358, 113889, 119, 68879, 3358, 113863, 39, 68905, 3358, 113889, 37, 68858, 3358, 113841, 129
187, 63158, 3458, 107345, 91, 63157, 3458, 107344, 36, 63158, 3458, 107345, 38, 63157, 3458, 107344, 43
188, 70843, 3598, 117209, 126, 70835, 3598, 117201, 88, 70843, 3598, 117209, 39, 70834, 3598, 117200, 93
189, 172687, 3902, 255825, 276, 172687, 3902, 255825, 91, 106474, 3902, 188516, 2403, 104790, 3902, 186674, 4647
190, 158212, 3914, 240022, 264, 158212, 3914, 240022, 90, 101618, 3914, 182876, 2795, 100624, 3914, 181786, 3098
191, 85085, 3954, 138888, 152, 85075, 3954, 138878, 46, 85085, 3954, 138888, 53, 85068, 3954, 138870, 178
192, 72038, 4391, 115055, 151, 72008, 4391, 115025, 42, 72038, 4391, 115055, 42, 71983, 4391, 114998, 188
193, 17127, 4461, 27352, 34, 16731, 4377, 26956, 9, 17127, 4461, 27352, 6, 16669, 4338, 26894, 21
194, 196404, 4937, 300036, 330, 196404, 4937, 300036, 115, 128037, 4937, 231084, 2717, 126939, 4937, 229827, 4190
195, 89596, 4991, 148583, 117, 89548, 4991, 148535, 48, 89596, 4991, 148583, 47, 89495, 4991, 148478, 219
196, 204621, 5556, 318136, 347, 204621, 5556, 318136, 117, 137999, 5556, 250993, 1816, 137232, 5556, 250147, 4091
197, 235686, 6313, 366093, 384, 235685, 6313, 366092, 136, 158669, 6313, 288483, 3925, 157707, 6313, 287392, 6218
198, 27019, 10000, 39407, 521, 25332, 9672, 37720, 15, 27019, 10000, 39407, 8, 25020, 9471, 37408, 49
199, 18245, 17795, 36038, 118, 18245, 17795, 36038, 16, 18245, 17795, 36038, 8, 18245, 17795, 36038, 1
200, 18282, 17832, 36112, 87, 18282, 17832, 36112, 15, 18282, 17832, 36112, 8, 18282, 17832, 36112, 1
