data\heuristics
FileIndex, V(original), T(original), E(original), tms(original), V(leaf), T(leaf), E(leaf), tms(leaf), V(deg2), T(deg2), E(deg2), tms(deg2), V(both), T(both), E(both), tms(both)
1, 6405, 16, 10454, 36, 6389, 16, 10438, 4, 5612, 16, 9655, 23, 5582, 16, 9624, 19
2, 7998, 16, 14734, 71, 7998, 16, 14734, 3, 7994, 16, 14730, 7, 7994, 16, 14730, 8
3, 8007, 24, 14743, 35, 8007, 24, 14743, 4, 8003, 24, 14739, 9, 8003, 24, 14739, 7
4, 19083, 24, 35636, 48, 19083, 24, 35636, 15, 19079, 24, 35632, 16, 19079, 24, 35632, 25
5, 8013, 30, 14749, 16, 8013, 30, 14749, 4, 8009, 30, 14745, 4, 8009, 30, 14745, 5
6, 19091, 31, 35644, 39, 19091, 31, 35644, 15, 19087, 31, 35640, 9, 19087, 31, 35640, 16
7, 38282, 34, 71521, 97, 38282, 34, 71521, 33, 38278, 34, 71517, 41, 38278, 34, 71517, 67
8, 8017, 36, 14753, 21, 8017, 36, 14753, 4, 8013, 36, 14749, 6, 8013, 36, 14749, 5
9, 3803, 38, 6213, 8, 3802, 38, 6212, 1, 3803, 38, 6213, 2, 3802, 38, 6212, 1
10, 2363, 40, 3761, 15, 2360, 40, 3758, 1, 2363, 40, 3761, 1, 2355, 40, 3752, 2
11, 19100, 40, 35653, 32, 19100, 40, 35653, 14, 19096, 40, 35649, 16, 19096, 40, 35649, 19
12, 38294, 45, 71533, 105, 38294, 45, 71533, 31, 38290, 45, 71529, 32, 38290, 45, 71529, 37
13, 550, 50, 5013, 15, 550, 50, 5013, 1, 550, 50, 5013, 0, 550, 50, 5013, 0
14, 1000, 50, 13500, 24, 1000, 50, 13500, 4, 1000, 50, 13500, 3, 1000, 50, 13500, 0
15, 1000, 50, 13500, 17, 1000, 50, 13500, 3, 1000, 50, 13500, 3, 1000, 50, 13500, 0
16, 1991, 51, 3176, 44, 1985, 51, 3170, 1, 1991, 51, 3176, 1, 1980, 51, 3165, 1
17, 3716, 52, 6750, 10, 3716, 52, 6750, 1, 3712, 52, 6746, 2, 3712, 52, 6746, 2
18, 19112, 53, 35665, 83, 19112, 53, 35665, 16, 19108, 53, 35661, 14, 19108, 53, 35661, 16
19, 38307, 58, 71546, 94, 38307, 58, 71546, 31, 38303, 58, 71542, 31, 38303, 58, 71542, 35
20, 838, 60, 1763, 26, 836, 60, 1761, 0, 837, 60, 1762, 0, 836, 60, 1761, 0
21, 1331, 61, 19965, 19, 1331, 61, 19965, 5, 1331, 61, 19965, 4, 1331, 61, 19965, 0
22, 1331, 61, 19965, 36, 1331, 61, 19965, 3, 1331, 61, 19965, 5, 1331, 61, 19965, 0
23, 1331, 61, 19965, 17, 1331, 61, 19965, 3, 1331, 61, 19965, 4, 1331, 61, 19965, 1
24, 670, 62, 1316, 17, 669, 62, 1315, 0, 670, 62, 1316, 1, 669, 62, 1315, 0
25, 512, 64, 2304, 4, 512, 64, 2304, 1, 512, 64, 2304, 0, 512, 64, 2304, 0
26, 512, 64, 2304, 22, 512, 64, 2304, 0, 512, 64, 2304, 0, 512, 64, 2304, 0
27, 1822, 64, 3610, 7, 1813, 64, 3601, 0, 1797, 64, 3585, 0, 1788, 64, 3576, 1
28, 2521, 66, 4858, 16, 2515, 65, 4852, 1, 2418, 66, 4755, 1, 2410, 63, 4747, 1
29, 987, 67, 1923, 6, 946, 67, 1882, 0, 980, 67, 1915, 0, 939, 67, 1874, 0
30, 11543, 68, 18429, 38, 11516, 68, 18402, 5, 9880, 68, 16755, 12, 9831, 68, 16704, 36
31, 1728, 74, 28512, 32, 1728, 74, 28512, 7, 1728, 74, 28512, 7, 1728, 74, 28512, 0
32, 1728, 74, 28512, 36, 1728, 74, 28512, 6, 1728, 74, 28512, 7, 1728, 74, 28512, 0
33, 1728, 74, 28512, 24, 1728, 74, 28512, 7, 1728, 74, 28512, 7, 1728, 74, 28512, 0
34, 729, 75, 1395, 12, 728, 75, 1394, 0, 728, 75, 1394, 0, 727, 75, 1393, 0
35, 1761, 76, 3370, 7, 1745, 76, 3354, 1, 1686, 76, 3295, 1, 1671, 76, 3280, 0
36, 729, 76, 4368, 18, 729, 76, 4368, 0, 729, 76, 4368, 1, 729, 76, 4368, 0
37, 2346, 78, 4656, 8, 2320, 78, 4630, 0, 2307, 78, 4617, 1, 2298, 78, 4608, 1
38, 833, 79, 1595, 8, 820, 79, 1582, 1, 826, 79, 1588, 0, 813, 79, 1575, 0
39, 320, 80, 640, 14, 297, 79, 617, 0, 287, 80, 607, 0, 262, 79, 582, 0
40, 320, 80, 640, 12, 292, 78, 612, 0, 287, 80, 604, 0, 258, 78, 575, 1
41, 320, 80, 1845, 6, 320, 80, 1845, 0, 320, 80, 1845, 0, 320, 80, 1845, 0
42, 320, 80, 1845, 13, 320, 80, 1845, 1, 320, 80, 1845, 1, 320, 80, 1845, 0
43, 1491, 80, 2831, 8, 1486, 80, 2826, 0, 1455, 80, 2794, 0, 1449, 80, 2788, 1
44, 320, 80, 10208, 38, 320, 80, 10208, 1, 320, 80, 10208, 2, 320, 80, 10208, 0
45, 320, 80, 10208, 27, 320, 80, 10208, 2, 320, 80, 10208, 1, 320, 80, 10208, 0
46, 320, 80, 51040, 406, 320, 80, 51040, 18, 320, 80, 51040, 14, 320, 80, 51040, 0
47, 320, 80, 51040, 325, 320, 80, 51040, 19, 320, 80, 51040, 13, 320, 80, 51040, 0
48, 8062, 81, 14798, 39, 8062, 81, 14798, 4, 8058, 81, 14794, 3, 8058, 81, 14794, 4
49, 3168, 83, 6220, 6, 3161, 83, 6213, 1, 3057, 83, 6109, 1, 3051, 83, 6103, 1
50, 2356, 84, 4547, 14, 2336, 84, 4527, 1, 2241, 84, 4432, 1, 2221, 84, 4412, 1
51, 528, 85, 1017, 5, 526, 85, 1015, 1, 527, 85, 1016, 0, 526, 85, 1015, 0
52, 1360, 86, 2607, 7, 1359, 86, 2606, 0, 1324, 86, 2571, 1, 1323, 86, 2570, 1
53, 743, 88, 1409, 5, 742, 88, 1408, 0, 739, 88, 1404, 0, 738, 88, 1403, 0
54, 78834, 88, 95732, 82, 78822, 88, 95720, 27, 29557, 88, 44486, 1160, 26142, 88, 40784, 802
55, 1343, 91, 2594, 5, 1325, 91, 2576, 0, 1321, 91, 2571, 0, 1303, 91, 2552, 1
56, 1765, 92, 3613, 161, 1724, 90, 3572, 0, 1758, 92, 3606, 1, 1718, 89, 3566, 1
57, 1976, 94, 3836, 9, 1955, 94, 3815, 1, 1895, 94, 3753, 1, 1872, 94, 3730, 2
58, 2404, 95, 4469, 18, 2360, 89, 4425, 1, 2306, 95, 4370, 1, 2256, 89, 4326, 3
59, 2518, 96, 4985, 7, 2503, 96, 4970, 1, 2465, 96, 4932, 1, 2451, 96, 4918, 1
60, 42481, 97, 52552, 51, 42477, 97, 52548, 15, 17266, 97, 26302, 209, 15470, 97, 24357, 408
61, 2265, 98, 4545, 7, 2236, 97, 4516, 0, 2251, 98, 4531, 0, 2222, 97, 4502, 2
62, 2076, 99, 4072, 15, 2074, 99, 4070, 1, 2038, 99, 4031, 1, 2035, 99, 4028, 1
63, 9469, 100, 22743, 35, 9468, 100, 22742, 8, 9465, 100, 22738, 7, 9464, 100, 22737, 14
64, 67966, 100, 82485, 76, 67966, 100, 82485, 23, 25230, 100, 37970, 432, 22205, 100, 34722, 629
65, 10393, 104, 18043, 19, 10367, 104, 18017, 4, 9799, 104, 17441, 6, 9760, 104, 17400, 15
66, 19177, 117, 35730, 48, 19177, 117, 35730, 13, 19173, 117, 35726, 14, 19173, 117, 35726, 14
67, 3224, 126, 5285, 7, 3215, 126, 5276, 0, 3224, 126, 5285, 1, 3206, 126, 5267, 1
68, 1024, 135, 5120, 24, 1024, 135, 5120, 0, 1024, 135, 5120, 0, 1024, 135, 5120, 0
69, 1024, 135, 5120, 7, 1024, 135, 5120, 1, 1024, 135, 5120, 1, 1024, 135, 5120, 0
70, 1024, 135, 5120, 18, 1024, 135, 5120, 0, 1024, 135, 5120, 0, 1024, 135, 5120, 0
71, 640, 160, 1280, 6, 601, 159, 1241, 0, 552, 160, 1191, 0, 513, 159, 1152, 0
72, 640, 160, 1280, 13, 595, 157, 1235, 0, 560, 160, 1199, 0, 515, 157, 1154, 0
73, 640, 160, 4135, 7, 640, 160, 4135, 1, 640, 160, 4135, 0, 640, 160, 4135, 0
74, 640, 160, 4135, 17, 640, 160, 4135, 1, 640, 160, 4135, 0, 640, 160, 4135, 0
75, 640, 160, 40896, 125, 640, 160, 40896, 13, 640, 160, 40896, 10, 640, 160, 40896, 0
76, 640, 160, 40896, 163, 640, 160, 40896, 13, 640, 160, 40896, 9, 640, 160, 40896, 0
77, 640, 160, 204480, 2923, 640, 160, 204480, 39, 640, 160, 204480, 80, 640, 160, 204480, 0
78, 640, 160, 204480, 3256, 640, 160, 204480, 44, 640, 160, 204480, 26, 640, 160, 204480, 0
79, 38418, 172, 71657, 59, 38418, 172, 71657, 30, 38414, 172, 71653, 30, 38414, 172, 71653, 33
80, 666, 174, 221445, 3327, 666, 174, 221445, 52, 666, 174, 221445, 33, 666, 174, 221445, 0
81, 44624, 190, 56205, 600, 44618, 190, 56199, 14, 19084, 190, 29643, 227, 17319, 190, 27735, 444
82, 80736, 191, 98750, 112, 80725, 191, 98739, 28, 30815, 191, 46891, 603, 27463, 191, 43252, 787
83, 2200, 200, 7997, 13, 2109, 200, 7906, 1, 1910, 200, 7704, 4, 1819, 200, 7613, 6
84, 2200, 200, 7997, 36, 2109, 200, 7906, 1, 1910, 200, 7704, 3, 1819, 200, 7613, 6
85, 1200, 200, 10002, 17, 1200, 200, 10002, 1, 1199, 200, 10001, 1, 1199, 200, 10001, 1
86, 1200, 200, 10002, 17, 1200, 200, 10002, 1, 1199, 200, 10001, 1, 1199, 200, 10001, 0
87, 7527, 200, 18170, 49, 7524, 200, 18167, 4, 7524, 200, 18167, 3, 7521, 200, 18164, 9
88, 15473, 200, 38928, 63, 15472, 200, 38927, 13, 15463, 200, 38917, 11, 15462, 200, 38916, 24
89, 33901, 204, 62816, 43, 33897, 204, 62812, 15, 33254, 204, 62169, 17, 33252, 204, 62167, 35
90, 2187, 222, 15308, 27, 2187, 222, 15308, 3, 2187, 222, 15308, 3, 2187, 222, 15308, 0
91, 2187, 222, 15308, 16, 2187, 222, 15308, 3, 2187, 222, 15308, 4, 2187, 222, 15308, 0
92, 2048, 244, 11263, 12, 2048, 244, 11263, 2, 2048, 244, 11263, 1, 2048, 244, 11263, 0
93, 2048, 244, 11263, 10, 2048, 244, 11263, 2, 2048, 244, 11263, 1, 2048, 244, 11263, 0
94, 512, 256, 2304, 18, 512, 256, 2304, 0, 512, 256, 2304, 0, 512, 256, 2304, 0
95, 512, 256, 2304, 5, 512, 256, 2304, 0, 512, 256, 2304, 0, 512, 256, 2304, 0
96, 3300, 300, 18073, 41, 3258, 300, 18031, 6, 3182, 300, 17955, 8, 3140, 300, 17913, 10
97, 3300, 300, 18073, 39, 3258, 300, 18031, 5, 3182, 300, 17955, 6, 3140, 300, 17913, 11
98, 9113, 301, 14491, 29, 9098, 301, 14476, 4, 9113, 301, 14491, 3, 9080, 301, 14456, 16
99, 8755, 347, 14449, 43, 8754, 347, 14448, 4, 8755, 347, 14449, 3, 8753, 347, 14447, 9
100, 13189, 358, 21219, 50, 13176, 358, 21206, 7, 13189, 358, 21219, 8, 13154, 358, 21178, 36
101, 9287, 363, 14975, 14, 9282, 363, 14970, 3, 9287, 363, 14975, 3, 9279, 363, 14967, 7
102, 10398, 367, 16787, 31, 10392, 367, 16781, 4, 10398, 367, 16787, 4, 10388, 367, 16777, 9
103, 50002, 386, 65203, 51, 50002, 386, 65203, 18, 23302, 386, 37522, 256, 21657, 386, 35741, 537
104, 16013, 392, 25269, 29, 15930, 392, 25186, 9, 16013, 392, 25269, 7, 15837, 392, 25081, 45
105, 783, 406, 2262, 7, 783, 406, 2262, 0, 783, 406, 2262, 0, 783, 406, 2262, 0
106, 86413, 419, 108872, 102, 86413, 419, 108872, 32, 35887, 419, 56478, 655, 32705, 419, 53029, 1090
107, 14685, 421, 23466, 32, 14680, 421, 23461, 6, 14685, 421, 23466, 5, 14676, 421, 23457, 13
108, 13694, 427, 22126, 47, 13692, 427, 22124, 6, 13694, 427, 22126, 6, 13691, 427, 22123, 13
109, 12715, 475, 20632, 43, 12701, 475, 20618, 5, 12715, 475, 20632, 5, 12688, 475, 20605, 11
110, 15095, 478, 24091, 39, 15090, 478, 24086, 6, 15095, 478, 24091, 5, 15038, 478, 24009, 144
111, 12355, 503, 19962, 21, 12345, 503, 19952, 4, 12355, 503, 19962, 4, 12323, 503, 19923, 52
112, 1024, 512, 5120, 9, 1024, 512, 5120, 1, 1024, 512, 5120, 0, 1024, 512, 5120, 0
113, 1024, 512, 5120, 6, 1024, 512, 5120, 0, 1024, 512, 5120, 0, 1024, 512, 5120, 0
114, 15592, 515, 24788, 44, 15578, 515, 24774, 7, 15592, 515, 24788, 7, 15554, 515, 24744, 47
115, 9574, 543, 16208, 22, 9571, 543, 16205, 3, 9574, 543, 16208, 3, 9566, 543, 16199, 9
116, 34046, 544, 54841, 49, 34040, 544, 54835, 14, 29339, 544, 50134, 46, 29331, 544, 50126, 63
117, 79244, 550, 101189, 74, 79244, 550, 101189, 29, 33917, 550, 54190, 537, 31132, 550, 51197, 874
118, 15038, 551, 24596, 34, 15025, 551, 24583, 5, 15038, 551, 24596, 6, 15011, 551, 24568, 23
119, 1081, 552, 3174, 6, 1081, 552, 3174, 0, 1081, 552, 3174, 0, 1081, 552, 3174, 0
120, 19867, 565, 31271, 30, 19835, 565, 31239, 9, 19867, 565, 31271, 8, 19793, 565, 31189, 49
121, 5556, 570, 8552, 9, 5550, 570, 8546, 2, 5556, 570, 8552, 2, 5550, 570, 8546, 1
122, 13332, 570, 21580, 35, 13324, 570, 21572, 5, 13332, 570, 21580, 4, 13315, 570, 21562, 17
123, 21808, 594, 34921, 27, 21788, 594, 34901, 11, 21808, 594, 34921, 10, 21757, 594, 34862, 67
124, 14023, 598, 22895, 32, 13998, 598, 22870, 6, 14023, 598, 22895, 5, 13977, 598, 22849, 12
125, 20547, 627, 33230, 25, 20540, 627, 33223, 10, 20547, 627, 33230, 9, 20530, 627, 33211, 33
126, 18555, 636, 29730, 35, 18553, 636, 29728, 8, 18555, 636, 29730, 8, 18551, 636, 29726, 19
127, 13316, 653, 22033, 17, 13305, 653, 22022, 5, 13316, 653, 22033, 6, 13298, 653, 22015, 12
128, 22311, 735, 35516, 41, 22292, 735, 35497, 11, 22311, 735, 35516, 9, 22278, 735, 35483, 22
129, 15122, 737, 24371, 27, 15120, 737, 24369, 7, 15122, 737, 24371, 6, 15119, 737, 24368, 14
130, 60446, 803, 82940, 80, 60446, 803, 82940, 13, 31950, 803, 53557, 339, 30500, 803, 51983, 745
131, 13294, 835, 21948, 26, 13290, 835, 21944, 6, 13294, 835, 21948, 5, 13286, 835, 21939, 17
132, 25946, 866, 41645, 48, 25942, 866, 41641, 13, 25946, 866, 41645, 12, 25939, 866, 41638, 28
133, 15714, 871, 25567, 22, 15705, 871, 25558, 6, 15714, 871, 25567, 6, 15699, 871, 25552, 16
134, 36711, 879, 68117, 57, 36711, 879, 68117, 15, 36148, 879, 67554, 17, 36148, 879, 67554, 21
135, 25081, 888, 40739, 31, 25068, 888, 40726, 12, 25081, 888, 40739, 12, 25057, 888, 40714, 40
136, 18242, 891, 28976, 31, 18235, 891, 28969, 8, 18242, 891, 28976, 8, 18229, 891, 28963, 18
137, 97928, 902, 128632, 96, 97928, 902, 128632, 38, 45610, 902, 74558, 795, 42662, 902, 71359, 1378
138, 85568, 938, 114113, 123, 85568, 938, 114113, 29, 40824, 938, 68131, 540, 38630, 938, 65761, 967
139, 29905, 943, 47457, 51, 29896, 943, 47448, 15, 29905, 943, 47457, 15, 29881, 943, 47430, 96
140, 23412, 945, 37952, 48, 23381, 945, 37921, 10, 23412, 945, 37952, 11, 23349, 945, 37885, 39
141, 30857, 990, 49591, 41, 30853, 990, 49587, 16, 30857, 990, 49591, 16, 30851, 990, 49585, 35
142, 26948, 993, 44194, 47, 26941, 993, 44187, 13, 26948, 993, 44194, 13, 26935, 993, 44180, 44
143, 2676, 1000, 3894, 6, 2481, 949, 3699, 0, 2676, 1000, 3894, 0, 2439, 919, 3657, 2
144, 2834, 1000, 4207, 16, 2675, 967, 4048, 0, 2834, 1000, 4207, 0, 2648, 949, 4021, 2
145, 2865, 1000, 4267, 5, 2709, 959, 4111, 1, 2865, 1000, 4267, 1, 2662, 923, 4064, 2
146, 2984, 1000, 4484, 19, 2836, 968, 4336, 1, 2984, 1000, 4484, 0, 2808, 950, 4308, 2
147, 62174, 1015, 87562, 65, 62174, 1015, 87562, 27, 34327, 1015, 59132, 306, 33246, 1015, 57935, 767
148, 2048, 1024, 11264, 16, 2048, 1024, 11264, 1, 2048, 1024, 11264, 1, 2048, 1024, 11264, 0
149, 2048, 1024, 11264, 12, 2048, 1024, 11264, 1, 2048, 1024, 11264, 1, 2048, 1024, 11264, 0
150, 30190, 1184, 47748, 54, 30185, 1184, 47743, 16, 30190, 1184, 47748, 15, 30179, 1184, 47736, 50
151, 42008, 1242, 67572, 76, 41965, 1242, 67529, 17, 42008, 1242, 67572, 23, 41911, 1242, 67463, 129
152, 23527, 1256, 39628, 47, 23509, 1256, 39610, 12, 23527, 1256, 39628, 11, 23492, 1256, 39591, 37
153, 33188, 1263, 53680, 42, 33138, 1263, 53630, 18, 33188, 1263, 53680, 17, 33079, 1263, 53562, 96
154, 33203, 1494, 54427, 60, 33181, 1494, 54405, 18, 33203, 1494, 54427, 17, 33142, 1494, 54355, 131
155, 33118, 1553, 55127, 54, 33099, 1553, 55108, 18, 33118, 1553, 55127, 17, 33074, 1553, 55078, 93
156, 33231, 1569, 55149, 67, 33211, 1569, 55129, 17, 33231, 1569, 55149, 16, 33202, 1569, 55120, 37
157, 26840, 1645, 43661, 34, 26830, 1645, 43651, 14, 26840, 1645, 43661, 13, 26822, 1645, 43642, 44
158, 49920, 1665, 77871, 96, 49908, 1665, 77859, 27, 49920, 1665, 77871, 26, 49881, 1665, 77821, 360
159, 30585, 1704, 50454, 42, 30578, 1704, 50447, 15, 30585, 1704, 50454, 15, 30576, 1704, 50445, 35
160, 40389, 1762, 65820, 71, 40376, 1762, 65807, 22, 40389, 1762, 65820, 22, 40365, 1762, 65795, 70
161, 72701, 1790, 115430, 111, 72697, 1790, 115426, 41, 72701, 1790, 115430, 41, 72695, 1790, 115424, 95
162, 21653, 1847, 35171, 26, 21652, 1847, 35170, 10, 21653, 1847, 35171, 11, 21652, 1847, 35170, 12
163, 117756, 1879, 165153, 158, 117756, 1879, 165153, 53, 63424, 1879, 109730, 896, 61396, 1879, 107489, 1912
164, 31121, 1898, 51113, 72, 31119, 1898, 51111, 16, 31121, 1898, 51113, 16, 31119, 1898, 51111, 19
165, 88728, 2041, 133625, 108, 88728, 2041, 133625, 44, 56384, 2041, 100928, 505, 55723, 2041, 100179, 1004
166, 4096, 2048, 24576, 23, 4096, 2048, 24576, 4, 4096, 2048, 24576, 4, 4096, 2048, 24576, 1
167, 4096, 2048, 24576, 24, 4096, 2048, 24576, 5, 4096, 2048, 24576, 3, 4096, 2048, 24576, 0
168, 111707, 2052, 160504, 191, 111707, 2052, 160504, 52, 63534, 2052, 111401, 778, 61956, 2052, 109689, 1133
169, 69988, 2162, 111804, 119, 69977, 2162, 111793, 40, 69988, 2162, 111804, 40, 69966, 2162, 111781, 134
170, 51896, 2171, 85550, 67, 51872, 2171, 85526, 28, 51896, 2171, 85550, 28, 51848, 2171, 85497, 177
171, 54351, 2182, 88211, 68, 54302, 2182, 88162, 30, 54351, 2182, 88211, 29, 54253, 2182, 88109, 99
172, 31754, 2202, 52875, 42, 31752, 2202, 52873, 16, 31754, 2202, 52875, 15, 31750, 2202, 52871, 37
173, 44934, 2319, 73727, 55, 44842, 2319, 73635, 23, 44934, 2319, 73727, 22, 44733, 2319, 73512, 126
174, 34479, 2344, 55494, 53, 34479, 2344, 55494, 14, 30488, 2344, 51503, 40, 30488, 2344, 51503, 33
175, 48833, 2493, 79987, 72, 48815, 2493, 79969, 27, 48833, 2493, 79987, 26, 48797, 2493, 79949, 118
176, 43073, 2868, 71276, 56, 43066, 2868, 71269, 24, 43073, 2868, 71276, 21, 43060, 2868, 71262, 74
177, 57551, 2973, 95381, 73, 57506, 2973, 95336, 32, 57551, 2973, 95381, 31, 57467, 2973, 95295, 107
178, 147718, 2992, 214176, 230, 147718, 2992, 214176, 73, 87304, 2992, 152511, 1532, 85440, 2992, 150471, 2566
179, 68464, 3001, 108732, 93, 68440, 3001, 108708, 38, 68464, 3001, 108732, 37, 68416, 3001, 108682, 129
180, 56023, 3017, 91399, 68, 56002, 3017, 91378, 29, 56023, 3017, 91399, 28, 55988, 3017, 91364, 64
181, 135543, 3033, 201803, 239, 135543, 3033, 201803, 68, 83303, 3033, 148896, 1018, 82128, 3033, 147605, 2068
182, 44482, 3222, 73419, 96, 44475, 3222, 73412, 25, 44482, 3222, 73419, 23, 44473, 3222, 73410, 79
183, 120866, 3224, 187312, 154, 120865, 3224, 187311, 67, 81571, 3224, 147715, 899, 81069, 3224, 147137, 1549
184, 47429, 3334, 79307, 60, 47424, 3334, 79302, 25, 47429, 3334, 79307, 23, 47422, 3334, 79300, 55
185, 66048, 3343, 110491, 116, 65762, 3343, 110205, 36, 66048, 3343, 110491, 31, 65464, 3343, 109879, 158
186, 68905, 3358, 113889, 124, 68879, 3358, 113863, 38, 68905, 3358, 113889, 37, 68858, 3358, 113841, 127
187, 63158, 3458, 107345, 88, 63157, 3458, 107344, 35, 63158, 3458, 107345, 34, 63157, 3458, 107344, 42
188, 70843, 3598, 117209, 138, 70835, 3598, 117201, 39, 70843, 3598, 117209, 38, 70834, 3598, 117200, 89
189, 172687, 3902, 255825, 239, 172687, 3902, 255825, 87, 106474, 3902, 188446, 1515, 104790, 3902, 186596, 3776
190, 158212, 3914, 240022, 252, 158212, 3914, 240022, 82, 101618, 3914, 182828, 1364, 100624, 3914, 181728, 1829
191, 85085, 3954, 138888, 111, 85075, 3954, 138878, 51, 85085, 3954, 138888, 51, 85068, 3954, 138870, 143
192, 72038, 4391, 115055, 93, 72008, 4391, 115025, 37, 72038, 4391, 115055, 36, 71983, 4391, 114998, 164
193, 17127, 4461, 27352, 25, 16731, 4377, 26956, 8, 17127, 4461, 27352, 5, 16669, 4338, 26894, 18
194, 196404, 4937, 300036, 335, 196404, 4937, 300036, 105, 128037, 4937, 231029, 2189, 126939, 4937, 229778, 3630
195, 89596, 4991, 148583, 169, 89548, 4991, 148535, 48, 89596, 4991, 148583, 46, 89495, 4991, 148478, 218
196, 204621, 5556, 318136, 303, 204621, 5556, 318136, 68, 137999, 5556, 250980, 2352, 137232, 5556, 250132, 3494
197, 235686, 6313, 366093, 387, 235685, 6313, 366092, 137, 158669, 6313, 288460, 3388, 157707, 6313, 287365, 6131
198, 27019, 10000, 39407, 59, 25332, 9672, 37720, 17, 27019, 10000, 39407, 8, 25020, 9471, 37408, 46
199, 18245, 17795, 36038, 71, 18245, 17795, 36038, 15, 18245, 17795, 36038, 4, 18245, 17795, 36038, 1
200, 18282, 17832, 36112, 85, 18282, 17832, 36112, 16, 18282, 17832, 36112, 8, 18282, 17832, 36112, 1
