data\exact
FileIndex, V(original), T(original), E(original), tms(original), V(leaf), T(leaf), E(leaf), tms(leaf), V(deg2), T(deg2), E(deg2), tms(deg2), V(both), T(both), E(both), tms(both)
1, 53, 4, 80, 3, 53, 4, 80, 0, 49, 4, 76, 0, 49, 4, 76, 0
2, 2500, 5, 3125, 18, 1556, 5, 2181, 4, 1718, 5, 2343, 21, 694, 5, 1319, 9
3, 2500, 5, 5000, 8, 2319, 5, 4819, 2, 2048, 5, 4548, 4, 1850, 5, 4350, 6
4, 2500, 5, 12500, 27, 2500, 5, 12500, 3, 2498, 5, 12498, 2, 2498, 5, 12498, 3
5, 2500, 5, 62500, 233, 2500, 5, 62500, 12, 2500, 5, 62500, 34, 2500, 5, 62500, 0
6, 55, 6, 82, 0, 55, 6, 82, 0, 51, 6, 78, 0, 51, 6, 78, 0
7, 157, 6, 266, 0, 157, 6, 266, 0, 153, 6, 262, 0, 153, 6, 262, 0
8, 307, 6, 526, 0, 307, 6, 526, 0, 303, 6, 522, 0, 303, 6, 522, 0
9, 57, 8, 84, 0, 57, 8, 84, 0, 53, 8, 80, 0, 53, 8, 80, 0
10, 64, 8, 288, 0, 64, 8, 288, 0, 64, 8, 288, 1, 64, 8, 288, 0
11, 64, 8, 288, 0, 64, 8, 288, 0, 64, 8, 288, 0, 64, 8, 288, 0
12, 160, 9, 269, 0, 160, 9, 269, 0, 156, 9, 265, 0, 156, 9, 265, 0
13, 640, 9, 960, 0, 518, 9, 838, 0, 465, 9, 785, 1, 320, 9, 638, 2
14, 640, 9, 960, 0, 493, 9, 813, 0, 477, 9, 796, 1, 307, 9, 624, 2
15, 640, 9, 960, 0, 503, 9, 823, 0, 460, 9, 780, 1, 312, 9, 632, 1
16, 640, 9, 960, 1, 509, 9, 829, 0, 458, 9, 778, 1, 309, 9, 628, 1
17, 640, 9, 960, 1, 499, 9, 819, 0, 481, 9, 801, 0, 324, 9, 644, 1
18, 640, 9, 4135, 3, 640, 9, 4135, 0, 640, 9, 4135, 0, 640, 9, 4135, 0
19, 640, 9, 4135, 3, 640, 9, 4135, 1, 640, 9, 4135, 0, 640, 9, 4135, 0
20, 640, 9, 4135, 4, 640, 9, 4135, 1, 640, 9, 4135, 1, 640, 9, 4135, 0
21, 640, 9, 4135, 4, 640, 9, 4135, 0, 640, 9, 4135, 1, 640, 9, 4135, 0
22, 640, 9, 4135, 4, 640, 9, 4135, 1, 640, 9, 4135, 1, 640, 9, 4135, 0
23, 640, 9, 204480, 2689, 640, 9, 204480, 48, 640, 9, 204480, 36, 640, 9, 204480, 0
24, 640, 9, 204480, 2517, 640, 9, 204480, 53, 640, 9, 204480, 37, 640, 9, 204480, 0
25, 640, 9, 204480, 2890, 640, 9, 204480, 37, 640, 9, 204480, 43, 640, 9, 204480, 0
26, 640, 9, 204480, 3576, 640, 9, 204480, 42, 640, 9, 204480, 50, 640, 9, 204480, 0
27, 90, 10, 135, 28, 88, 10, 133, 0, 76, 10, 121, 0, 74, 10, 119, 0
28, 169, 10, 280, 4, 169, 10, 280, 0, 154, 10, 265, 0, 154, 10, 265, 1
29, 179, 10, 293, 10, 177, 10, 291, 0, 164, 10, 278, 0, 161, 10, 275, 1
30, 286, 10, 465, 12, 284, 10, 463, 0, 261, 10, 440, 0, 259, 10, 438, 0
31, 298, 10, 503, 20, 298, 10, 503, 0, 277, 10, 482, 0, 277, 10, 482, 0
32, 311, 10, 530, 18, 311, 10, 530, 0, 307, 10, 526, 1, 307, 10, 526, 0
33, 331, 10, 560, 11, 331, 10, 560, 0, 295, 10, 522, 0, 291, 10, 516, 1
34, 541, 10, 906, 4, 538, 10, 903, 0, 493, 10, 858, 0, 489, 10, 854, 1
35, 609, 10, 932, 10, 607, 10, 930, 0, 502, 10, 824, 1, 499, 10, 821, 1
36, 632, 10, 1087, 14, 629, 10, 1084, 0, 590, 10, 1043, 0, 585, 10, 1038, 1
37, 777, 10, 1239, 18, 775, 10, 1237, 1, 686, 10, 1148, 0, 683, 10, 1145, 0
38, 816, 10, 1460, 14, 816, 10, 1460, 0, 812, 10, 1456, 0, 812, 10, 1456, 0
39, 875, 10, 1522, 4, 875, 10, 1522, 0, 821, 10, 1467, 0, 817, 10, 1461, 1
40, 957, 10, 1554, 8, 952, 10, 1549, 0, 855, 10, 1449, 0, 846, 10, 1440, 1
41, 898, 10, 1562, 7, 897, 10, 1561, 1, 841, 10, 1503, 1, 834, 10, 1493, 2
42, 938, 10, 1655, 18, 937, 10, 1654, 0, 908, 10, 1625, 0, 906, 10, 1623, 1
43, 918, 10, 1684, 15, 913, 10, 1679, 0, 885, 10, 1651, 0, 883, 10, 1649, 0
44, 1080, 10, 2015, 11, 1077, 10, 2012, 0, 1050, 10, 1985, 0, 1047, 10, 1982, 0
45, 1290, 10, 2270, 42, 1283, 10, 2263, 0, 1205, 10, 2181, 1, 1197, 10, 2173, 1
46, 2500, 10, 3125, 16, 1585, 10, 2210, 2, 1764, 10, 2388, 6, 717, 10, 1341, 12
47, 2500, 10, 5000, 18, 2329, 10, 4829, 1, 2073, 10, 4572, 3, 1896, 10, 4395, 6
48, 3023, 10, 5575, 20, 3022, 10, 5574, 1, 2936, 10, 5487, 2, 2934, 10, 5485, 3
49, 3221, 10, 5938, 20, 3218, 10, 5935, 1, 3141, 10, 5856, 1, 3136, 10, 5851, 2
50, 5181, 10, 8893, 24, 5172, 10, 8884, 2, 4878, 10, 8587, 2, 4859, 10, 8567, 5
51, 2500, 10, 12500, 48, 2500, 10, 12500, 2, 2500, 10, 12500, 2, 2500, 10, 12500, 0
52, 2500, 10, 62500, 297, 2500, 10, 62500, 22, 2500, 10, 62500, 22, 2500, 10, 62500, 0
53, 128, 11, 227, 15, 126, 11, 225, 0, 124, 11, 223, 0, 123, 11, 222, 0
54, 123, 11, 233, 3, 123, 11, 233, 0, 120, 11, 229, 0, 120, 11, 229, 0
55, 191, 11, 302, 11, 191, 11, 302, 0, 169, 11, 280, 0, 169, 11, 280, 0
56, 212, 11, 381, 14, 212, 11, 381, 0, 205, 11, 374, 0, 205, 11, 374, 0
57, 237, 11, 390, 18, 235, 11, 388, 0, 210, 11, 360, 0, 205, 11, 355, 1
58, 317, 11, 476, 5, 310, 11, 469, 0, 258, 11, 416, 0, 249, 11, 407, 1
59, 278, 11, 478, 12, 275, 11, 475, 0, 261, 11, 460, 0, 254, 11, 452, 0
60, 338, 11, 541, 5, 332, 11, 535, 0, 301, 11, 502, 0, 293, 11, 493, 0
61, 353, 11, 608, 5, 352, 11, 607, 0, 330, 11, 585, 1, 328, 11, 583, 0
62, 402, 11, 695, 10, 401, 11, 694, 0, 382, 11, 675, 0, 381, 11, 674, 1
63, 572, 11, 963, 16, 570, 11, 961, 0, 531, 11, 920, 0, 524, 11, 912, 0
64, 663, 11, 1154, 24, 663, 11, 1154, 0, 636, 11, 1127, 0, 636, 11, 1127, 0
65, 720, 11, 1269, 7, 720, 11, 1269, 0, 685, 11, 1234, 1, 685, 11, 1234, 0
66, 921, 11, 1558, 10, 916, 11, 1553, 0, 843, 11, 1477, 0, 830, 11, 1462, 1
67, 3675, 11, 6709, 22, 3675, 11, 6709, 1, 3671, 11, 6705, 2, 3671, 11, 6705, 1
68, 84, 12, 149, 8, 82, 12, 147, 0, 81, 12, 145, 0, 78, 12, 142, 0
69, 64, 12, 192, 9, 64, 12, 192, 0, 64, 12, 192, 0, 64, 12, 192, 0
70, 64, 12, 192, 6, 64, 12, 192, 0, 64, 12, 192, 0, 64, 12, 192, 0
71, 233, 12, 386, 17, 230, 12, 383, 0, 210, 12, 363, 0, 206, 12, 359, 0
72, 313, 12, 532, 7, 313, 12, 532, 0, 309, 12, 528, 0, 309, 12, 528, 0
73, 386, 12, 653, 6, 381, 12, 648, 0, 356, 12, 622, 0, 349, 12, 614, 0
74, 539, 12, 985, 15, 539, 12, 985, 0, 531, 12, 977, 0, 531, 12, 977, 0
75, 818, 12, 1462, 11, 818, 12, 1462, 0, 814, 12, 1458, 0, 814, 12, 1458, 0
76, 1704, 12, 2991, 11, 1697, 12, 2984, 1, 1603, 12, 2889, 0, 1591, 12, 2877, 1
77, 1981, 12, 3633, 7, 1981, 12, 3633, 0, 1977, 12, 3629, 1, 1977, 12, 3629, 1
78, 3031, 12, 5239, 12, 3018, 12, 5226, 1, 2841, 12, 5046, 1, 2820, 12, 5024, 3
79, 4045, 12, 7094, 18, 4043, 12, 7092, 1, 3863, 12, 6903, 2, 3860, 12, 6900, 2
80, 4221, 12, 7255, 21, 4216, 12, 7250, 1, 3961, 12, 6991, 2, 3948, 12, 6978, 4
81, 110, 13, 188, 8, 110, 13, 188, 1, 106, 13, 183, 0, 106, 13, 183, 0
82, 339, 13, 579, 14, 339, 13, 579, 0, 314, 13, 554, 0, 314, 13, 554, 0
83, 346, 13, 583, 7, 345, 13, 582, 0, 324, 13, 560, 0, 320, 13, 555, 1
84, 311, 13, 613, 6, 309, 13, 611, 0, 307, 13, 609, 0, 306, 13, 608, 0
85, 125, 13, 750, 5, 125, 13, 750, 0, 125, 13, 750, 0, 125, 13, 750, 0
86, 125, 13, 750, 5, 125, 13, 750, 0, 125, 13, 750, 0, 125, 13, 750, 0
87, 125, 13, 750, 13, 125, 13, 750, 1, 125, 13, 750, 0, 125, 13, 750, 0
88, 777, 13, 1358, 11, 777, 13, 1358, 0, 747, 13, 1327, 0, 746, 13, 1326, 0
89, 933, 13, 1632, 16, 930, 13, 1629, 0, 886, 13, 1584, 0, 881, 13, 1579, 1
90, 1128, 13, 1905, 20, 1128, 13, 1905, 0, 1026, 13, 1799, 1, 1025, 13, 1798, 0
91, 1359, 13, 2458, 11, 1358, 13, 2457, 1, 1312, 13, 2411, 0, 1310, 13, 2409, 1
92, 128, 14, 247, 7, 126, 14, 245, 1, 124, 14, 243, 0, 123, 14, 242, 0
93, 165, 14, 274, 3, 165, 14, 274, 0, 161, 14, 270, 0, 161, 14, 270, 0
94, 145, 14, 283, 9, 145, 14, 283, 1, 144, 14, 282, 0, 144, 14, 282, 0
95, 418, 14, 723, 5, 418, 14, 723, 0, 391, 14, 696, 0, 391, 14, 696, 1
96, 468, 14, 822, 4, 468, 14, 822, 0, 449, 14, 803, 0, 449, 14, 803, 1
97, 1196, 14, 2084, 14, 1194, 14, 2082, 0, 1119, 14, 2005, 0, 1114, 14, 2000, 1
98, 138, 15, 257, 14, 136, 15, 255, 0, 135, 15, 254, 0, 134, 15, 253, 0
99, 193, 15, 369, 3, 193, 15, 369, 0, 191, 15, 366, 0, 190, 15, 365, 0
100, 204, 16, 374, 13, 202, 16, 372, 0, 201, 16, 370, 0, 200, 16, 369, 0
101, 311, 16, 579, 16, 311, 16, 579, 0, 303, 16, 569, 0, 302, 16, 568, 1
102, 391, 16, 666, 17, 390, 16, 665, 0, 359, 16, 633, 0, 356, 16, 630, 1
103, 402, 16, 690, 10, 401, 16, 689, 0, 375, 16, 662, 0, 372, 16, 659, 0
104, 499, 16, 861, 7, 497, 16, 859, 0, 469, 16, 831, 0, 465, 16, 827, 0
105, 712, 16, 1217, 4, 707, 16, 1212, 0, 670, 16, 1174, 1, 664, 16, 1168, 0
106, 52, 16, 1326, 12, 52, 16, 1326, 0, 52, 16, 1326, 0, 52, 16, 1326, 0
107, 837, 16, 1438, 4, 832, 16, 1433, 1, 792, 16, 1393, 0, 787, 16, 1388, 0
108, 822, 16, 1466, 4, 822, 16, 1466, 0, 818, 16, 1462, 1, 818, 16, 1462, 0
109, 1051, 16, 1791, 8, 1046, 16, 1786, 0, 982, 16, 1720, 0, 966, 16, 1699, 1
110, 1442, 16, 2403, 13, 1436, 16, 2397, 1, 1324, 16, 2284, 1, 1316, 16, 2276, 1
111, 1848, 16, 3286, 19, 1846, 16, 3284, 0, 1776, 16, 3214, 1, 1774, 16, 3212, 1
112, 2961, 16, 5100, 22, 2954, 16, 5093, 1, 2746, 16, 4884, 2, 2736, 16, 4873, 3
113, 6405, 16, 10454, 17, 6389, 16, 10438, 2, 5612, 16, 9655, 4, 5582, 16, 9624, 8
114, 7998, 16, 14734, 37, 7998, 16, 14734, 2, 7994, 16, 14730, 4, 7994, 16, 14730, 3
115, 122, 17, 194, 5, 122, 17, 194, 0, 98, 17, 169, 0, 95, 17, 165, 0
116, 177, 17, 354, 13, 175, 17, 352, 0, 175, 17, 352, 0, 174, 17, 351, 0
117, 220, 17, 374, 4, 216, 17, 370, 0, 201, 17, 355, 1, 197, 17, 351, 0
118, 223, 17, 404, 8, 223, 17, 404, 0, 219, 17, 399, 0, 217, 17, 397, 0
119, 310, 17, 514, 5, 310, 17, 514, 0, 281, 17, 483, 0, 270, 17, 468, 0
120, 342, 17, 552, 26, 342, 17, 552, 0, 294, 17, 504, 0, 294, 17, 504, 0
121, 343, 17, 559, 5, 343, 17, 559, 0, 311, 17, 527, 0, 311, 17, 527, 0
122, 429, 17, 702, 16, 428, 17, 701, 1, 384, 17, 655, 0, 380, 17, 651, 0
123, 2039, 17, 3548, 12, 2035, 17, 3544, 0, 1940, 17, 3446, 0, 1933, 17, 3439, 1
124, 2333, 17, 4137, 64, 2329, 17, 4133, 0, 2167, 17, 3968, 0, 2159, 17, 3960, 2
125, 211, 18, 380, 8, 211, 18, 380, 0, 207, 18, 374, 0, 205, 18, 372, 0
126, 1005, 18, 1731, 10, 1001, 18, 1727, 1, 941, 18, 1666, 0, 935, 18, 1660, 1
127, 1709, 18, 2963, 6, 1703, 18, 2957, 0, 1597, 18, 2848, 1, 1585, 18, 2836, 1
128, 2050, 18, 3676, 43, 2047, 18, 3673, 1, 1959, 18, 3585, 0, 1956, 18, 3582, 1
129, 3738, 18, 7013, 45, 3735, 18, 7010, 1, 3653, 18, 6928, 1, 3651, 18, 6926, 2
130, 119, 19, 206, 3, 119, 19, 206, 0, 118, 19, 204, 0, 118, 19, 204, 0
131, 189, 19, 353, 14, 187, 19, 351, 0, 187, 19, 351, 0, 186, 19, 350, 0
132, 245, 20, 454, 7, 244, 20, 453, 0, 244, 20, 453, 0, 243, 20, 452, 0
133, 321, 20, 540, 4, 321, 20, 540, 0, 317, 20, 536, 0, 317, 20, 536, 0
134, 1989, 20, 3641, 7, 1989, 20, 3641, 1, 1985, 20, 3637, 0, 1985, 20, 3637, 0
135, 3683, 20, 6717, 13, 3683, 20, 6717, 1, 3679, 20, 6713, 1, 3679, 20, 6713, 1
136, 237, 21, 444, 10, 235, 21, 442, 0, 231, 21, 436, 0, 229, 21, 434, 0
137, 529, 21, 1032, 4, 524, 21, 1027, 0, 524, 21, 1026, 0, 521, 21, 1023, 0
138, 735, 21, 1256, 11, 732, 21, 1253, 0, 691, 21, 1211, 1, 686, 21, 1205, 0
139, 770, 21, 1383, 3, 768, 21, 1381, 0, 741, 21, 1354, 0, 739, 21, 1352, 1
140, 4640, 21, 8255, 31, 4640, 21, 8255, 1, 4416, 21, 8031, 2, 4416, 21, 8031, 2
141, 233, 22, 431, 4, 231, 22, 429, 0, 230, 22, 428, 0, 229, 22, 427, 0
142, 294, 22, 568, 3, 294, 22, 568, 0, 285, 22, 558, 0, 281, 22, 552, 0
143, 828, 22, 1472, 4, 828, 22, 1472, 0, 824, 22, 1468, 0, 824, 22, 1468, 0
144, 4186, 22, 7074, 18, 4181, 22, 7069, 1, 3886, 22, 6770, 1, 3870, 22, 6749, 6
145, 132, 23, 230, 3, 130, 23, 228, 0, 131, 23, 229, 0, 130, 23, 228, 0
146, 257, 23, 515, 13, 257, 23, 515, 0, 257, 23, 515, 0, 257, 23, 515, 0
147, 3983, 23, 7108, 16, 3980, 23, 7105, 1, 3782, 23, 6903, 1, 3775, 23, 6896, 2
148, 262, 24, 487, 14, 260, 24, 485, 0, 259, 24, 484, 0, 258, 24, 483, 0
149, 493, 24, 963, 4, 488, 24, 958, 1, 490, 24, 959, 0, 487, 24, 956, 1
150, 7231, 24, 13727, 17, 7225, 24, 13721, 2, 7166, 24, 13662, 3, 7164, 24, 13660, 5
151, 8007, 24, 14743, 16, 8007, 24, 14743, 2, 8003, 24, 14739, 4, 8003, 24, 14739, 3
152, 19083, 24, 35636, 43, 19083, 24, 35636, 12, 19079, 24, 35632, 11, 19079, 24, 35632, 13
153, 246, 25, 468, 11, 244, 25, 466, 0, 245, 25, 467, 0, 244, 25, 466, 0
154, 422, 25, 808, 16, 422, 25, 808, 0, 418, 25, 804, 0, 418, 25, 804, 0
155, 58, 25, 1653, 7, 58, 25, 1653, 1, 58, 25, 1653, 0, 58, 25, 1653, 0
156, 1994, 25, 3646, 15, 1994, 25, 3646, 1, 1990, 25, 3642, 0, 1990, 25, 3642, 1
157, 2213, 25, 4135, 9, 2208, 25, 4130, 1, 2164, 25, 4086, 1, 2159, 25, 4080, 2
158, 2414, 25, 4386, 15, 2412, 25, 4384, 1, 2350, 25, 4321, 1, 2345, 25, 4316, 1
159, 3636, 25, 6789, 20, 3634, 25, 6787, 0, 3561, 25, 6713, 1, 3556, 25, 6708, 2
160, 5349, 25, 10086, 18, 5349, 25, 10086, 1, 5298, 25, 10033, 1, 5296, 25, 10031, 2
161, 640, 25, 40896, 127, 640, 25, 40896, 12, 640, 25, 40896, 12, 640, 25, 40896, 0
162, 640, 25, 40896, 143, 640, 25, 40896, 13, 640, 25, 40896, 12, 640, 25, 40896, 0
163, 640, 25, 40896, 143, 640, 25, 40896, 12, 640, 25, 40896, 12, 640, 25, 40896, 0
164, 640, 25, 40896, 137, 640, 25, 40896, 7, 640, 25, 40896, 13, 640, 25, 40896, 0
165, 640, 25, 40896, 150, 640, 25, 40896, 12, 640, 25, 40896, 12, 640, 25, 40896, 0
166, 402, 26, 780, 14, 396, 26, 774, 0, 400, 26, 778, 0, 395, 26, 773, 0
167, 396, 26, 781, 16, 396, 26, 781, 0, 385, 26, 767, 0, 384, 26, 765, 0
168, 752, 26, 1264, 13, 752, 26, 1264, 0, 676, 26, 1185, 0, 670, 26, 1177, 1
169, 243, 27, 497, 3, 243, 27, 497, 0, 243, 27, 497, 0, 243, 27, 497, 0
170, 370, 27, 721, 11, 368, 27, 719, 0, 366, 27, 717, 0, 365, 27, 716, 0
171, 243, 27, 1215, 18, 243, 27, 1215, 0, 243, 27, 1215, 0, 243, 27, 1215, 0
172, 243, 27, 1215, 6, 243, 27, 1215, 0, 243, 27, 1215, 0, 243, 27, 1215, 0
173, 243, 27, 1215, 8, 243, 27, 1215, 0, 243, 27, 1215, 0, 243, 27, 1215, 0
174, 272, 28, 545, 3, 272, 28, 545, 0, 266, 28, 539, 0, 266, 28, 539, 0
175, 307, 28, 559, 10, 306, 28, 558, 0, 303, 28, 554, 1, 302, 28, 553, 0
176, 3692, 28, 6726, 15, 3692, 28, 6726, 0, 3688, 28, 6722, 1, 3688, 28, 6722, 1
177, 245, 29, 436, 13, 239, 29, 430, 0, 243, 29, 434, 0, 238, 29, 429, 0
178, 247, 29, 505, 15, 247, 29, 505, 0, 247, 29, 505, 0, 247, 29, 505, 0
179, 1724, 29, 2975, 12, 1715, 29, 2966, 0, 1618, 29, 2865, 1, 1604, 29, 2851, 1
180, 467, 30, 896, 18, 465, 30, 894, 0, 463, 30, 891, 0, 461, 30, 889, 1
181, 8013, 30, 14749, 12, 8013, 30, 14749, 2, 8009, 30, 14745, 3, 8009, 30, 14745, 3
182, 323, 31, 592, 17, 321, 31, 590, 0, 315, 31, 583, 0, 314, 31, 582, 0
183, 1199, 31, 2078, 11, 1191, 31, 2070, 0, 1132, 31, 2010, 1, 1121, 31, 1999, 1
184, 10553, 32, 20066, 27, 10553, 32, 20066, 3, 10465, 32, 19978, 4, 10465, 32, 19978, 5
185, 437, 33, 838, 18, 435, 33, 836, 1, 433, 33, 834, 0, 432, 33, 832, 1
186, 840, 34, 1484, 14, 840, 34, 1484, 1, 836, 34, 1480, 0, 836, 34, 1480, 0
187, 1244, 34, 2474, 17, 1241, 34, 2471, 1, 1239, 34, 2469, 0, 1236, 34, 2466, 0
188, 435, 36, 818, 6, 432, 36, 815, 0, 433, 36, 816, 0, 430, 36, 813, 0
189, 8017, 36, 14753, 36, 8017, 36, 14753, 4, 8013, 36, 14749, 3, 8013, 36, 14749, 3
190, 1011, 37, 2010, 18, 1010, 37, 2009, 0, 1007, 37, 2006, 0, 1006, 37, 2005, 0
191, 2132, 37, 3702, 17, 2129, 37, 3699, 0, 2037, 37, 3607, 0, 2034, 37, 3604, 2
192, 11749, 37, 22384, 29, 11749, 37, 22384, 4, 11652, 37, 22285, 4, 11652, 37, 22285, 6
193, 603, 38, 1207, 11, 601, 38, 1205, 0, 600, 38, 1204, 0, 599, 38, 1203, 0
194, 703, 39, 1616, 8, 701, 39, 1614, 0, 701, 39, 1614, 0, 700, 39, 1613, 0
195, 550, 50, 5013, 28, 550, 50, 5013, 0, 550, 50, 5013, 0, 550, 50, 5013, 0
196, 729, 76, 4368, 12, 729, 76, 4368, 0, 729, 76, 4368, 0, 729, 76, 4368, 0
197, 10393, 104, 18043, 32, 10367, 104, 18017, 3, 9799, 104, 17441, 5, 9760, 104, 17400, 19
198, 6466, 128, 11046, 12, 6457, 128, 11037, 1, 6078, 128, 10655, 4, 6064, 128, 10638, 7
199, 6163, 130, 10490, 10, 6158, 130, 10485, 1, 5759, 130, 10078, 3, 5735, 130, 10047, 12
200, 6836, 136, 11715, 21, 6835, 136, 11714, 3, 6449, 136, 11326, 2, 6446, 136, 11323, 8
