data\heuristics
FileIndex, V(combined), T(combined), E(combined), tms(sectioning), empty, V(i), T(i), E(i), empty, repeat
0,5582,16,9624, ,5582,16,9624
1,7994,16,14730, ,7994,16,14730
2,8003,24,14739, ,8003,24,14739
3,19079,24,35632, ,19079,24,35632
4,8009,30,14745, ,8009,30,14745
5,19087,31,35640, ,19087,31,35640
6,38278,34,71517, ,38278,34,71517
7,8013,36,14749, ,8013,36,14749
8,3802,38,6212, ,9,2,2, ,3794,38,6199
9,2355,40,3752, ,2355,40,3752
10,19096,40,35649, ,19096,40,35649
11,38290,45,71529, ,38290,45,71529
12,550,50,5013, ,550,50,5013
13,1000,50,13500, ,1000,50,13500
14,1000,50,13500, ,1000,50,13500
15,1980,51,3165, ,1980,51,3165
16,3712,52,6746, ,3712,52,6746
17,19108,53,35661, ,19108,53,35661
18,38303,58,71542, ,38303,58,71542
19,836,60,1761, ,836,60,1761
20,1331,61,19965, ,1331,61,19965
21,1331,61,19965, ,1331,61,19965
22,1331,61,19965, ,1331,61,19965
23,669,62,1315, ,669,62,1315
24,512,64,2304, ,512,64,2304
25,512,64,2304, ,512,64,2304
26,1788,64,3576, ,1788,64,3576
27,2410,63,4747, ,2410,63,4747
28,939,67,1874, ,939,67,1874
29,9831,68,16704, ,9831,68,16704
30,1728,74,28512, ,1728,74,28512
31,1728,74,28512, ,1728,74,28512
32,1728,74,28512, ,1728,74,28512
33,727,75,1393, ,727,75,1393
34,1671,76,3280, ,1671,76,3280
35,729,76,4368, ,729,76,4368
36,2298,78,4608, ,2298,78,4608
37,813,79,1575, ,813,79,1575
38,262,79,582, ,262,79,582
39,258,78,575, ,258,78,575
40,320,80,1845, ,320,80,1845
41,320,80,1845, ,320,80,1845
42,1449,80,2788, ,1449,80,2788
43,320,80,10208, ,320,80,10208
44,320,80,10208, ,320,80,10208
45,320,80,51040, ,320,80,51040
46,320,80,51040, ,320,80,51040
47,8058,81,14794, ,8058,81,14794
48,3051,83,6103, ,3051,83,6103
49,2221,84,4412, ,2221,84,4412
50,526,85,1015, ,526,85,1015
51,1323,86,2570, ,1323,86,2570
52,738,88,1403, ,738,88,1403
53,26142,88,40784, ,26142,88,40784
54,1303,91,2552, ,1303,91,2552
55,1718,89,3566, ,1718,89,3566
56,1872,94,3730, ,8,3,11, ,6,3,9, ,1860,92,3710
57,2256,89,4326, ,2256,89,4326
58,2451,96,4918, ,2451,96,4918
59,15470,97,24357, ,15470,97,24357
60,2222,97,4502, ,2222,97,4502
61,2035,99,4028, ,2035,99,4028
62,9464,100,22737, ,9464,100,22737
63,22205,100,34722, ,22205,100,34722
64,9760,104,17400, ,9760,104,17400
65,19173,117,35726, ,19173,117,35726
66,3206,126,5267, ,6,2,3, ,3192,126,5242, ,5,2,1, ,6,2,3
67,1024,135,5120, ,1024,135,5120
68,1024,135,5120, ,1024,135,5120
69,1024,135,5120, ,1024,135,5120
70,513,159,1152, ,513,159,1152
71,515,157,1154, ,515,157,1154
72,640,160,4135, ,640,160,4135
73,640,160,4135, ,640,160,4135
74,640,160,40896, ,640,160,40896
75,640,160,40896, ,640,160,40896
76,640,160,204480, ,640,160,204480
77,640,160,204480, ,640,160,204480
78,38414,172,71653, ,38414,172,71653
79,666,174,221445, ,666,174,221445
80,17319,190,27735, ,11,2,3, ,17300,190,27700, ,10,2,2
81,27463,191,43252, ,11,2,3, ,27453,191,43235
82,1819,200,7613, ,1819,200,7613
83,1819,200,7613, ,1819,200,7613
84,1199,200,10001, ,1199,200,10001
85,1199,200,10001, ,1199,200,10001
86,7521,200,18164, ,7521,200,18164
87,15462,200,38916, ,15462,200,38916
88,33252,204,62167, ,33252,204,62167
89,2187,222,15308, ,2187,222,15308
90,2187,222,15308, ,2187,222,15308
91,2048,244,11263, ,2048,244,11263
92,2048,244,11263, ,2048,244,11263
93,512,256,2304, ,512,256,2304
94,512,256,2304, ,512,256,2304
95,3140,300,17913, ,3140,300,17913
96,3140,300,17913, ,3140,300,17913
97,9080,301,14456, ,9076,301,14449
98,8753,347,14447, ,8753,347,14447
99,13154,358,21178, ,13148,358,21168
100,9279,363,14967, ,8,2,2, ,9272,363,14955
101,10388,367,16777, ,10379,367,16761, ,10,2,4
102,21657,386,35741, ,15,2,6, ,21617,386,35667, ,10,2,2, ,9,2,2, ,10,2,2
103,15837,392,25081, ,12,2,6, ,15699,391,24842, ,7,2,2, ,7,2,2, ,5,2,2, ,6,2,3, ,15,3,23, ,6,2,2, ,7,2,3, ,5,2,1, ,8,2,4, ,12,2,3, ,8,2,4, ,8,2,3
104,783,406,2262, ,783,406,2262
105,32705,419,53029, ,7,2,2, ,32637,419,52900, ,10,2,2, ,33,2,3, ,9,2,2, ,14,2,5
106,14676,421,23457, ,14676,421,23457
107,13691,427,22123, ,13691,427,22123
108,12688,475,20605, ,8,2,5, ,12681,475,20593
109,15038,478,24009, ,7,2,3, ,15032,478,23999
110,12323,503,19923, ,11,2,4, ,12266,503,19827, ,5,2,1, ,7,2,3, ,7,2,1, ,13,2,5
111,1024,512,5120, ,1024,512,5120
112,1024,512,5120, ,1024,512,5120
113,15554,515,24744, ,7,2,3, ,15543,515,24725, ,6,2,2
114,9566,543,16199, ,9559,543,16187, ,8,2,5
115,29331,544,50126, ,29331,544,50126
116,31132,550,51197, ,31132,550,51197
117,15011,551,24568, ,6,2,2, ,14933,548,24430, ,7,2,3, ,28,3,50, ,11,3,17, ,5,2,1, ,8,2,3, ,15,3,23, ,6,2,4
118,1081,552,3174, ,1081,552,3174
119,19793,565,31189, ,19735,565,31089, ,22,2,6, ,21,2,6
120,5550,570,8546, ,5550,570,8546
121,13315,570,21562, ,11,2,4, ,13289,570,21512, ,5,2,1, ,5,2,1, ,5,2,1, ,5,2,1
122,21757,594,34862, ,6,2,2, ,21728,594,34810
123,13977,598,22849, ,7,2,3, ,13899,596,22716, ,6,2,2, ,5,2,2, ,4,2,2, ,7,2,3, ,4,2,2, ,10,2,4, ,6,2,3, ,6,2,3, ,12,2,5, ,14,4,21
124,20530,627,33211, ,20527,627,33205
125,18551,636,29726, ,18551,636,29726
126,13298,653,22015, ,13248,653,21922, ,6,2,2, ,14,2,3, ,15,2,3, ,4,2,1, ,10,2,3, ,7,2,1
127,22278,735,35483, ,6,2,3, ,22232,735,35403, ,21,2,4, ,7,2,3, ,10,2,1
128,15119,737,24368, ,9,2,2, ,15111,737,24355
129,30500,803,51983, ,11,2,3, ,30473,803,51933, ,10,2,2, ,9,2,2
130,13286,835,21939, ,13249,834,21873, ,6,3,8, ,8,2,4, ,6,2,2, ,5,2,2, ,13,2,3, ,5,2,3
131,25939,866,41638, ,25926,866,41616, ,10,2,4
132,15699,871,25552, ,15699,871,25552
133,36148,879,67554, ,36148,879,67554
134,25057,888,40714, ,25045,888,40692, ,7,2,2, ,7,2,3
135,18229,891,28963, ,18229,891,28963
136,42662,902,71359, ,7,2,2, ,42639,902,71316, ,10,2,2, ,9,2,2
137,38630,938,65761, ,9,2,3, ,38608,938,65719, ,9,2,1, ,7,2,1
138,29881,943,47430, ,29876,943,47422
139,23349,945,37885, ,7,2,3, ,23235,945,37687, ,8,2,3, ,7,2,1, ,13,2,4, ,6,2,3, ,5,2,2, ,10,2,4, ,8,2,2, ,9,2,1, ,16,2,8, ,4,2,2, ,7,2,3, ,5,2,2, ,5,2,3, ,8,2,4, ,6,2,3, ,7,2,2
140,30851,990,49585, ,6,2,2, ,30802,989,49489, ,5,2,1, ,5,2,1, ,5,2,1, ,25,3,47, ,5,2,1, ,5,2,1
141,26935,993,44180, ,26935,993,44180
142,2439,919,3657, ,3,3,2, ,22,13,29, ,3,3,2, ,2,2,1, ,3,3,2, ,11,6,14, ,2,2,1, ,2,2,1, ,2393,893,3596, ,7,5,9
143,2648,949,4021, ,2648,949,4021
144,2662,923,4064, ,11,6,14, ,2,2,1, ,2,2,1, ,2650,917,4048
145,2808,950,4308, ,2808,950,4308
146,33246,1015,57935, ,33246,1015,57935
147,2048,1024,11264, ,2048,1024,11264
148,2048,1024,11264, ,2048,1024,11264
149,30179,1184,47736, ,30179,1184,47736
150,41911,1242,67463, ,41873,1242,67396, ,9,2,1, ,7,2,1
151,23492,1256,39591, ,5,2,2, ,23420,1256,39468, ,5,2,1, ,12,2,19, ,21,2,5, ,9,2,2, ,22,2,8
152,33079,1263,53562, ,32802,1261,53068, ,10,2,3, ,10,2,5, ,6,2,2, ,12,2,1, ,7,2,5, ,17,2,4, ,11,2,5, ,13,2,3, ,6,2,2, ,17,3,26, ,5,2,3, ,6,2,3, ,7,2,3, ,6,2,2, ,8,2,1, ,4,2,1, ,14,2,3, ,9,2,7, ,11,2,3, ,16,2,4, ,13,2,3, ,6,2,3, ,6,2,2, ,6,2,2, ,12,2,2, ,29,3,51
153,33142,1494,54355, ,33016,1494,54151, ,5,2,1
154,33074,1553,55078, ,33031,1552,54997, ,26,3,47, ,6,2,2
155,33202,1569,55120, ,6,2,2, ,33146,1569,55031, ,30,2,9
156,26822,1645,43642, ,43,3,71, ,26675,1643,43407, ,106,3,164
157,49881,1665,77821, ,7,2,3, ,49872,1665,77806, ,4,2,2
158,30576,1704,50445, ,9,2,4, ,30543,1703,50389, ,8,2,4, ,5,2,1, ,11,3,16, ,5,2,1
159,40365,1762,65795, ,7,2,3, ,40325,1762,65726, ,6,2,2, ,7,2,2, ,6,2,2, ,14,2,5, ,6,2,2
160,72695,1790,115424, ,8,2,2, ,72673,1790,115386, ,6,2,1, ,5,2,2, ,7,2,1
161,21652,1847,35170, ,14,3,27, ,21632,1846,35131, ,8,2,3
162,61396,1879,107489, ,10,2,2, ,61181,1875,107090, ,7,2,1, ,109,6,191, ,40,2,3, ,41,2,3, ,7,2,1, ,8,2,2
163,31119,1898,51111, ,5,2,3, ,31086,1898,51052, ,7,2,1, ,4,2,2, ,4,2,2, ,5,2,1, ,4,2,2, ,5,2,1, ,4,2,2, ,4,2,1
164,55723,2041,100179, ,17,2,2, ,55701,2041,100137, ,7,2,1
165,4096,2048,24576, ,4096,2048,24576
166,4096,2048,24576, ,4096,2048,24576
167,61956,2052,109689, ,10,2,2, ,61913,2052,109606, ,7,2,1, ,16,2,1, ,7,2,1, ,8,2,2
168,69966,2162,111781, ,8,2,3, ,69929,2161,111720, ,13,3,19, ,7,2,2, ,8,2,3, ,6,2,2
169,51848,2171,85497, ,13,3,20, ,51781,2170,85375, ,7,2,1, ,10,2,4, ,7,2,1, ,6,2,3, ,11,2,3, ,6,2,2, ,5,2,1, ,7,2,1
170,54253,2182,88109, ,54151,2182,87931, ,10,2,5, ,5,2,2, ,15,2,3, ,6,2,2, ,7,2,1, ,7,2,3, ,7,2,4, ,12,2,4, ,7,2,2, ,10,2,4, ,15,2,5
171,31750,2202,52871, ,8,2,2, ,31733,2202,52841, ,7,2,1, ,5,2,1
172,44733,2319,73512, ,12,2,5, ,44568,2316,73233, ,7,2,3, ,4,2,2, ,10,2,4, ,5,2,3, ,5,2,2, ,8,2,3, ,5,2,2, ,22,4,34, ,4,2,2, ,7,2,3, ,5,2,2, ,7,2,2, ,4,2,3, ,8,2,2, ,6,2,2, ,5,2,2, ,5,2,3, ,8,2,1, ,5,2,2, ,6,2,2, ,9,2,4, ,15,3,23
173,30488,2344,51503, ,30488,2344,51503
174,48797,2493,79949, ,48754,2492,79877, ,7,2,3, ,6,2,2, ,27,3,41, ,7,2,3
175,43060,2868,71262, ,42981,2864,71129, ,5,2,1, ,59,6,96, ,5,2,2, ,10,2,3
176,57467,2973,95295, ,7,2,3, ,57285,2973,94972, ,8,2,4, ,9,2,3, ,7,2,5, ,12,2,6, ,7,2,2, ,5,2,3, ,7,2,5, ,8,2,2, ,29,2,5, ,13,2,5, ,6,2,2, ,4,2,2, ,6,2,2, ,7,2,5, ,14,2,4, ,6,2,2, ,4,2,2, ,7,2,2, ,6,2,3, ,14,2,3, ,7,2,2, ,7,2,4, ,6,2,2
177,85440,2992,150471, ,15,2,6, ,85090,2988,149797, ,10,2,2, ,7,2,1, ,9,2,2, ,7,2,1, ,27,2,4, ,33,2,4, ,38,2,8, ,6,2,1, ,10,2,2, ,16,2,1, ,5,2,1, ,101,6,182, ,46,2,5, ,35,2,2
178,68416,3001,108682, ,5,2,2, ,68400,3001,108654, ,8,2,4, ,6,2,2
179,55988,3017,91364, ,19,2,5, ,55970,3017,91330
180,82128,3033,147605, ,8,2,2, ,82065,3033,147482, ,8,2,2, ,7,2,1, ,9,2,1, ,9,2,1, ,7,2,1, ,7,2,1, ,16,2,1
181,44473,3222,73410, ,6,2,2, ,44384,3220,73247, ,5,2,2, ,4,2,1, ,9,3,13, ,5,2,1, ,5,2,2, ,5,2,2, ,4,2,2, ,5,2,1, ,4,2,2, ,4,2,1, ,4,2,1, ,5,2,1, ,12,3,17, ,5,2,1, ,5,2,1, ,5,2,1, ,7,2,3, ,5,2,1, ,5,2,1
182,81069,3224,147137, ,8,2,2, ,80887,3219,146799, ,10,2,2, ,14,2,5, ,16,2,1, ,9,2,2, ,122,7,223, ,10,2,2
183,47422,3334,79300, ,6,2,2, ,47405,3334,79268, ,6,2,3, ,5,2,1, ,4,2,1
184,65464,3343,109879, ,64474,3325,108094, ,6,2,2, ,7,2,1, ,8,2,3, ,6,2,2, ,16,2,4, ,6,2,2, ,5,2,3, ,6,2,2, ,6,2,2, ,8,3,11, ,12,3,17, ,6,2,3, ,6,2,2, ,5,2,3, ,6,2,2, ,13,2,3, ,3,3,2, ,6,2,3, ,6,2,3, ,12,2,5, ,6,2,1, ,6,2,2, ,6,2,3, ,7,2,2, ,6,2,2, ,6,2,2, ,8,2,2, ,6,2,2, ,13,2,3, ,7,2,3, ,6,2,2, ,6,2,2, ,6,2,2, ,15,3,22, ,6,2,2, ,8,2,3, ,7,2,1, ,6,2,2, ,6,2,3, ,6,2,3, ,7,2,1, ,6,2,3, ,6,2,3, ,6,2,2, ,6,2,3, ,7,2,2, ,8,3,11, ,6,2,2, ,6,2,3, ,13,2,4, ,6,2,3, ,8,2,3, ,6,2,2, ,14,2,4, ,10,2,4, ,15,2,4, ,8,3,11, ,6,2,3, ,6,2,2, ,29,3,48, ,6,2,3, ,6,2,2, ,8,3,11, ,5,2,3, ,6,2,2, ,6,2,2, ,6,2,2, ,8,2,3, ,6,2,2, ,6,2,2, ,6,2,2, ,5,2,1, ,6,2,2, ,24,3,40, ,6,2,3, ,6,2,2, ,6,2,3, ,6,2,3, ,39,4,69, ,7,2,1, ,5,2,1, ,6,2,3, ,6,2,2, ,6,2,2, ,6,2,4, ,8,3,11, ,6,2,3, ,6,2,2, ,6,2,2, ,6,2,2, ,12,2,3, ,20,3,49, ,6,2,2, ,6,2,2, ,6,2,2, ,29,4,49, ,6,2,3, ,6,2,3, ,6,2,3, ,5,2,1, ,6,2,2, ,14,2,3, ,6,2,3, ,7,2,3, ,6,2,2, ,34,3,63, ,6,2,2, ,7,2,3, ,6,2,2, ,13,2,3, ,6,2,3, ,7,2,1, ,6,2,2, ,7,2,2, ,12,2,3, ,6,2,2, ,6,2,2, ,12,3,19, ,6,2,2, ,12,2,4, ,8,2,3, ,13,3,20, ,5,2,6, ,8,2,4, ,8,2,3, ,6,2,3, ,13,2,3, ,6,2,2, ,8,2,2, ,6,2,2, ,4,2,2
185,68858,3358,113841, ,68808,3358,113749, ,8,2,3, ,6,2,3, ,12,2,6, ,6,2,1, ,15,2,4
186,63157,3458,107344, ,63157,3458,107344
187,70834,3598,117200, ,10,2,2, ,70813,3598,117163, ,7,2,1, ,7,2,4
188,104790,3902,186596, ,39,2,4, ,104287,3898,185621, ,6,2,1, ,10,2,2, ,33,2,4, ,35,2,3, ,6,2,1, ,16,2,1, ,9,2,2, ,41,2,3, ,32,2,3, ,7,2,1, ,33,2,3, ,10,2,2, ,14,2,5, ,46,2,5, ,35,2,2, ,7,2,1, ,38,2,6, ,101,6,182, ,5,2,1
189,100624,3914,181728, ,8,2,2, ,100557,3914,181597, ,7,2,1, ,9,2,1, ,7,2,1, ,8,2,2, ,9,2,1, ,5,2,1, ,16,2,1, ,7,2,1
190,85068,3954,138870, ,5,2,3, ,85046,3954,138832, ,7,2,1, ,7,2,1, ,7,2,5
191,71983,4391,114998, ,5,2,2, ,71969,4391,114972, ,7,2,1, ,5,2,1
192,16669,4338,26894, ,16665,4336,26888, ,5,4,6
193,126939,4937,229778, ,28,2,5, ,126548,4931,229027, ,58,3,115, ,10,2,2, ,14,2,5, ,8,2,2, ,9,2,1, ,7,2,1, ,122,7,223, ,6,2,1, ,46,2,5, ,41,2,3, ,7,2,1, ,7,2,1, ,16,2,1, ,9,2,1, ,5,2,1, ,7,2,1, ,9,2,2
194,89495,4991,148478, ,8,2,4, ,89325,4984,148195, ,99,8,156, ,7,2,1, ,14,3,21, ,7,2,1, ,7,2,1, ,7,2,1, ,5,2,1, ,7,2,1, ,5,2,1, ,7,2,3, ,9,2,3
195,137232,5556,250132, ,11,2,3, ,137138,5556,249949, ,6,2,1, ,6,2,1, ,16,2,1, ,7,2,1, ,9,2,1, ,7,2,1, ,9,2,2, ,7,2,1, ,7,2,1, ,9,2,1, ,5,2,1, ,8,2,2
196,157707,6313,287365, ,123,7,224, ,157228,6307,286444, ,10,2,2, ,9,2,2, ,7,2,1, ,14,2,5, ,33,2,3, ,46,2,5, ,7,2,1, ,8,2,2, ,5,2,1, ,9,2,1, ,9,2,1, ,16,2,1, ,38,2,3, ,6,2,1, ,41,2,3, ,7,2,1, ,7,2,1, ,32,2,3, ,10,2,2, ,6,2,1, ,58,3,115
197,25020,9471,37408, ,3,3,2, ,24953,9430,37318, ,2,2,1, ,2,2,1, ,3,3,2, ,2,2,1, ,8,5,11, ,6,5,7, ,2,2,1, ,9,7,11, ,2,2,1, ,2,2,1, ,7,5,9, ,2,2,1, ,17,11,21, ,5,4,6, ,11,6,14
198,18245,17795,36038, ,18245,17795,36038
199,18282,17832,36112, ,18282,17832,36112
