data\exact
FileIndex, V(combined), T(combined), E(combined), tms(sectioning), empty, V(i), T(i), E(i), empty, repeat
0,49,4,76,1, ,49,4,76
1,694,5,1319,10, ,694,5,1319
2,1850,5,4350,28, ,1850,5,4350
3,2498,5,12498,52, ,2498,5,12498
4,2500,5,62500,615, ,2500,5,62500
5,51,6,78,0, ,51,6,78
6,153,6,262,1, ,153,6,262
7,303,6,522,1, ,303,6,522
8,53,8,80,0, ,53,8,80
9,64,8,288,1, ,64,8,288
10,64,8,288,0, ,64,8,288
11,156,9,265,0, ,156,9,265
12,320,9,638,2, ,320,9,638
13,307,9,624,1, ,307,9,624
14,312,9,632,1, ,312,9,632
15,309,9,628,1, ,309,9,628
16,324,9,644,1, ,324,9,644
17,640,9,4135,15, ,640,9,4135
18,640,9,4135,14, ,640,9,4135
19,640,9,4135,11, ,640,9,4135
20,640,9,4135,11, ,640,9,4135
21,640,9,4135,10, ,640,9,4135
22,640,9,204480,17757, ,640,9,204480
23,640,9,204480,17840, ,640,9,204480
24,640,9,204480,16661, ,640,9,204480
25,640,9,204480,17371, ,640,9,204480
26,74,10,119,0, ,74,10,119
27,154,10,265,1, ,154,10,265
28,161,10,275,0, ,161,10,275
29,259,10,438,1, ,259,10,438
30,277,10,482,1, ,277,10,482
31,307,10,526,0, ,307,10,526
32,291,10,516,1, ,291,10,516
33,489,10,854,2, ,489,10,854
34,499,10,821,1, ,499,10,821
35,585,10,1038,1, ,585,10,1038
36,683,10,1145,2, ,683,10,1145
37,812,10,1456,2, ,812,10,1456
38,817,10,1461,2, ,817,10,1461
39,846,10,1440,2, ,846,10,1440
40,834,10,1493,2, ,834,10,1493
41,906,10,1623,2, ,906,10,1623
42,883,10,1649,3, ,883,10,1649
43,1047,10,1982,3, ,1047,10,1982
44,1197,10,2173,3, ,1197,10,2173
45,717,10,1341,2, ,717,10,1341
46,1896,10,4395,7, ,1896,10,4395
47,2934,10,5485,10, ,2934,10,5485
48,3136,10,5851,9, ,3136,10,5851
49,4859,10,8567,23, ,4859,10,8567
50,2500,10,12500,32, ,2500,10,12500
51,2500,10,62500,588, ,2500,10,62500
52,123,11,222,3, ,19,3,31, ,105,10,191
53,120,11,229,2, ,120,11,229
54,169,11,280,1, ,169,11,280
55,205,11,374,1, ,205,11,374
56,205,11,355,2, ,205,11,355
57,249,11,407,1, ,249,11,407
58,254,11,452,1, ,254,11,452
59,293,11,493,2, ,293,11,493
60,328,11,583,1, ,328,11,583
61,381,11,674,2, ,381,11,674
62,524,11,912,3, ,524,11,912
63,636,11,1127,4, ,636,11,1127
64,685,11,1234,4, ,685,11,1234
65,830,11,1462,5, ,830,11,1462
66,3671,11,6705,30, ,3671,11,6705
67,78,12,142,2, ,10,5,14, ,69,9,128
68,64,12,192,0, ,64,12,192
69,64,12,192,0, ,64,12,192
70,206,12,359,0, ,206,12,359
71,309,12,528,1, ,309,12,528
72,349,12,614,2, ,349,12,614
73,531,12,977,2, ,531,12,977
74,814,12,1458,3, ,814,12,1458
75,1591,12,2877,12, ,1591,12,2877
76,1977,12,3629,14, ,1977,12,3629
77,2820,12,5024,12, ,2820,12,5024
78,3860,12,6900,18, ,3860,12,6900
79,3948,12,6978,17, ,3948,12,6978
80,106,13,183,1, ,5,3,5, ,29,6,47, ,74,8,131
81,314,13,554,1, ,314,13,554
82,320,13,555,1, ,320,13,555
83,306,13,608,1, ,306,13,608
84,125,13,750,1, ,125,13,750
85,125,13,750,1, ,125,13,750
86,125,13,750,1, ,125,13,750
87,746,13,1326,3, ,746,13,1326
88,881,13,1579,4, ,881,13,1579
89,1025,13,1798,5, ,1025,13,1798
90,1310,13,2409,7, ,1310,13,2409
91,123,14,242,0, ,123,14,242
92,161,14,270,0, ,161,14,270
93,144,14,282,1, ,144,14,282
94,391,14,696,1, ,391,14,696
95,449,14,803,2, ,449,14,803
96,1114,14,2000,4, ,1114,14,2000
97,134,15,253,0, ,134,15,253
98,190,15,365,0, ,190,15,365
99,200,16,369,0, ,200,16,369
100,302,16,568,1, ,302,16,568
101,356,16,630,1, ,356,16,630
102,372,16,659,2, ,372,16,659
103,465,16,827,1, ,465,16,827
104,664,16,1168,2, ,664,16,1168
105,52,16,1326,5, ,52,16,1326
106,787,16,1388,4, ,787,16,1388
107,818,16,1462,4, ,818,16,1462
108,966,16,1699,5, ,966,16,1699
109,1316,16,2276,4, ,1316,16,2276
110,1774,16,3212,9, ,1774,16,3212
111,2736,16,4873,9, ,2736,16,4873
112,5582,16,9624,24, ,5582,16,9624
113,7994,16,14730,37, ,7994,16,14730
114,95,17,165,0, ,95,17,165
115,174,17,351,1, ,10,4,14, ,165,15,337
116,197,17,351,1, ,197,17,351
117,217,17,397,1, ,217,17,397
118,270,17,468,1, ,270,17,468
119,294,17,504,1, ,294,17,504
120,311,17,527,1, ,311,17,527
121,380,17,651,1, ,380,17,651
122,1933,17,3439,7, ,1933,17,3439
123,2159,17,3960,8, ,2159,17,3960
124,205,18,372,2, ,8,3,10, ,198,17,362
125,935,18,1660,4, ,935,18,1660
126,1585,18,2836,5, ,1585,18,2836
127,1956,18,3582,7, ,1956,18,3582
128,3651,18,6926,18, ,3651,18,6926
129,118,19,204,1, ,43,8,70, ,76,13,134
130,186,19,350,1, ,35,4,67, ,146,16,273, ,7,3,10
131,243,20,452,1, ,243,20,452
132,317,20,536,1, ,317,20,536
133,1985,20,3637,6, ,1985,20,3637
134,3679,20,6713,15, ,3679,20,6713
135,229,21,434,2, ,89,8,171, ,141,15,263
136,521,21,1023,3, ,521,21,1023
137,686,21,1205,2, ,686,21,1205
138,739,21,1352,3, ,739,21,1352
139,4416,21,8031,20, ,4416,21,8031
140,229,22,427,1, ,229,22,427
141,281,22,552,1, ,281,22,552
142,824,22,1468,6, ,824,22,1468
143,3870,22,6749,15, ,3870,22,6749
144,130,23,228,0, ,130,23,228
145,257,23,515,0, ,257,23,515
146,3775,23,6896,20, ,3775,23,6896
147,258,24,483,1, ,258,24,483
148,487,24,956,4, ,452,21,887, ,36,5,69
149,7164,24,13660,40, ,7164,24,13660
150,8003,24,14739,46, ,8003,24,14739
151,19079,24,35632,130, ,19079,24,35632
152,244,25,466,1, ,244,25,466
153,418,25,804,2, ,418,25,804
154,58,25,1653,8, ,58,25,1653
155,1990,25,3642,7, ,1990,25,3642
156,2159,25,4080,8, ,2159,25,4080
157,2345,25,4316,9, ,2345,25,4316
158,3556,25,6708,19, ,3556,25,6708
159,5296,25,10031,25, ,5296,25,10031
160,640,25,40896,888, ,640,25,40896
161,640,25,40896,646, ,640,25,40896
162,640,25,40896,686, ,640,25,40896
163,640,25,40896,718, ,640,25,40896
164,640,25,40896,702, ,640,25,40896
165,395,26,773,1, ,395,26,773
166,384,26,765,1, ,384,26,765
167,670,26,1177,2, ,670,26,1177
168,243,27,497,0, ,243,27,497
169,365,27,716,1, ,365,27,716
170,243,27,1215,2, ,243,27,1215
171,243,27,1215,2, ,243,27,1215
172,243,27,1215,2, ,243,27,1215
173,266,28,539,1, ,266,28,539
174,302,28,553,1, ,302,28,553
175,3688,28,6722,11, ,3688,28,6722
176,238,29,429,1, ,238,29,429
177,247,29,505,1, ,247,29,505
178,1604,29,2851,4, ,1604,29,2851
179,461,30,889,2, ,461,30,889
180,8009,30,14745,35, ,8009,30,14745
181,314,31,582,2, ,310,31,575, ,5,2,2
182,1121,31,1999,3, ,1121,31,1999
183,10465,32,19978,54, ,10465,32,19978
184,432,33,832,2, ,6,2,3, ,427,33,824
185,836,34,1480,2, ,836,34,1480
186,1236,34,2466,4, ,1236,34,2466
187,430,36,813,3, ,397,32,753, ,34,6,60
188,8013,36,14749,36, ,8013,36,14749
189,1006,37,2005,5, ,1006,37,2005
190,2034,37,3604,8, ,2034,37,3604
191,11652,37,22285,61, ,11652,37,22285
192,599,38,1203,2, ,599,38,1203
193,700,39,1613,3, ,700,39,1613
194,550,50,5013,44, ,550,50,5013
195,729,76,4368,9, ,729,76,4368
196,9760,104,17400,54, ,9760,104,17400
197,6064,128,10638,27, ,6064,128,10638
198,5735,130,10047,30, ,5735,130,10047
199,6446,136,11323,28, ,6446,136,11323
