VALUE366
742 44
486 64
2296 65
2453 106
109 1513
122 1827
1358 141
161 141
147 1997
161 1280
254 172
1280 175
188 1092
193 1221
1526 198
544 205
222 1528
938 242
1705 258
1150 268
291 532
1798 316
326 2219
1034 348
355 1539
358 401
365 1373
64 379
938 379
433 389
395 2025
427 1037
1324 459
460 887
920 480
2353 486
498 2030
1588 516
526 2346
1158 532
2245 552
556 459
242 580
286 615
628 580
2270 670
746 1856
160 764
2052 781
1992 816
816 141
818 828
828 1723
838 1258
2069 865
2381 871
1826 879
917 387
987 929
1962 982
1157 993
100 1011
1023 1433
1037 1401
1044 1569
1108 1911
1134 2210
671 1134
64 1144
1150 1332
1151 1751
1156 1460
1157 1774
1971 1185
2455 1194
1645 1201
1221 1144
1258 1994
1265 2476
486 1280
1291 193
474 1303
2142 1327
1332 1383
1338 1663
1341 167
819 1405
1435 1462
1529 321
41 1530
355 1539
933 1584
1597 132
1645 1854
2288 1676
1690 786
179 1753
1760 2106
1762 570
1788 941
1592 1811
1111 1824
403 1837
2022 1855
1855 2462
1856 1252
1864 1455
2382 1923
1249 2016
250 2041
2131 2048
560 2084
748 2120
782 2125
2137 2132
2152 536
2038 2154
462 2162
2164 828
2180 2325
1848 2208
1887 2219
371 2296
1712 2314
2329 1326
449 2353
1143 2419
2426 2305
1138 2454
152 2455
2466 1647
2491 1149

